LHOs in NAO basis
74	74
A1*: R1*s(0)	A1*: R2*s(0)	A1*: R3*s(0)	A1: R4*s(0)	A1: R5*s(0)	A1*: R6*p(0)	A1*: R6*p(1)	A1*: R6*p(-1)	A1*: R7*p(0)	A1*: R7*p(1)	A1*: R7*p(-1)	A1: R8*p(0)	A1: R8*p(1)	A1: R8*p(-1)	A1*: R9*d(0)	A1*: R9*d(1)	A1*: R9*d(-1)	A1*: R9*d(2)	A1*: R9*d(-2)	A1*: R10*d(0)	A1*: R10*d(1)	A1*: R10*d(-1)	A1*: R10*d(2)	A1*: R10*d(-2)	A1*: R11*f(0)	A1*: R11*f(1)	A1*: R11*f(-1)	A1*: R11*f(2)	A1*: R11*f(-2)	A1*: R11*f(3)	A1*: R11*f(-3)	A2*: R12*s(0)	A2*: R13*s(0)	A2*: R14*s(0)	A2: R15*s(0)	A2: R16*s(0)	A2*: R17*p(0)	A2*: R17*p(1)	A2*: R17*p(-1)	A2*: R18*p(0)	A2*: R18*p(1)	A2*: R18*p(-1)	A2: R19*p(0)	A2: R19*p(1)	A2: R19*p(-1)	A2*: R20*d(0)	A2*: R20*d(1)	A2*: R20*d(-1)	A2*: R20*d(2)	A2*: R20*d(-2)	A2*: R21*d(0)	A2*: R21*d(1)	A2*: R21*d(-1)	A2*: R21*d(2)	A2*: R21*d(-2)	A2*: R22*f(0)	A2*: R22*f(1)	A2*: R22*f(-1)	A2*: R22*f(2)	A2*: R22*f(-2)	A2*: R22*f(3)	A2*: R22*f(-3)	A3*: R23*s(0)	A3*: R24*s(0)	A3: R25*s(0)	A3*: R26*p(0)	A3*: R26*p(1)	A3*: R26*p(-1)	A4*: R27*s(0)	A4*: R28*s(0)	A4: R29*s(0)	A4*: R30*p(0)	A4*: R30*p(1)	A4*: R30*p(-1)	

0.069873834	-0.909882940	0.001449574	-0.000010165	0.000016425	0.039554188	0.058402212	0.000175851	0.003690202	0.026229607	0.000096971	0.002495207	0.000597309	0.000001909	0.102221545	-0.000921153	0.000485919	0.007309239	0.053643509	0.108587506	-0.000154434	0.005581914	-0.175103175	0.008663615	-0.000254051	0.294901833	0.015976286	-0.000050120	0.000201639	-0.035799773	-0.130770579	0.000000000	0.000000000	0.000000000	0.000000000	0.000000000	0.000000000	0.000000000	0.000000000	0.000000000	0.000000000	0.000000000	0.000000000	0.000000000	0.000000000	0.000000000	0.000000000	0.000000000	0.000000000	0.000000000	0.000000000	0.000000000	0.000000000	0.000000000	0.000000000	0.000000000	0.000000000	0.000000000	0.000000000	0.000000000	0.000000000	0.000000000	0.000000000	0.000000000	0.000000000	0.000000000	0.000000000	0.000000000	0.000000000	0.000000000	0.000000000	0.000000000	0.000000000	0.000000000		C1:LHO1
0.720441140	0.136076611	-0.310899446	-0.002754088	-0.000258788	0.298063029	0.001467492	-0.002612479	0.293699199	0.120827877	-0.013901659	0.002770966	0.004967069	-0.001089921	0.010682873	-0.001200849	0.000265716	0.132093212	-0.068416922	-0.241849106	-0.013909768	0.003700377	-0.194870029	-0.006581245	-0.001908959	0.120347525	0.106373478	-0.000045394	-0.000101606	-0.163829547	-0.065131489	0.000000000	0.000000000	0.000000000	0.000000000	0.000000000	0.000000000	0.000000000	0.000000000	0.000000000	0.000000000	0.000000000	0.000000000	0.000000000	0.000000000	0.000000000	0.000000000	0.000000000	0.000000000	0.000000000	0.000000000	0.000000000	0.000000000	0.000000000	0.000000000	0.000000000	0.000000000	0.000000000	0.000000000	0.000000000	0.000000000	0.000000000	0.000000000	0.000000000	0.000000000	0.000000000	0.000000000	0.000000000	0.000000000	0.000000000	0.000000000	0.000000000	0.000000000	0.000000000		C1:LHO2
-0.400794316	-0.202917761	-0.445638783	0.001161935	-0.001023855	0.327766564	-0.043178494	0.002531970	0.351576596	0.003630674	0.009549624	0.025704485	-0.000192385	0.000643509	0.000492830	0.000660548	-0.000266744	0.104115232	-0.032624890	-0.277691234	0.007670145	-0.003031737	0.489308925	-0.003433955	0.001037677	-0.146163397	-0.029969688	0.000091412	-0.000146122	-0.091504428	0.082231057	0.000000000	0.000000000	0.000000000	0.000000000	0.000000000	0.000000000	0.000000000	0.000000000	0.000000000	0.000000000	0.000000000	0.000000000	0.000000000	0.000000000	0.000000000	0.000000000	0.000000000	0.000000000	0.000000000	0.000000000	0.000000000	0.000000000	0.000000000	0.000000000	0.000000000	0.000000000	0.000000000	0.000000000	0.000000000	0.000000000	0.000000000	0.000000000	0.000000000	0.000000000	0.000000000	0.000000000	0.000000000	0.000000000	0.000000000	0.000000000	0.000000000	0.000000000	0.000000000		C1:LHO3
0.000005570	0.000487147	0.027638059	0.574240799	0.001891233	0.006572803	-0.006351198	0.000005401	-0.000762391	0.014977200	-0.000000710	0.410953817	-0.706284458	0.000346965	-0.002505506	0.000003883	-0.000004061	0.000295717	-0.004795919	-0.014980223	0.000010295	-0.000023490	-0.013633930	-0.027955008	-0.000012147	-0.005904085	0.007598090	-0.000002562	-0.000016322	-0.010067643	-0.005950540	0.000000000	0.000000000	0.000000000	0.000000000	0.000000000	0.000000000	0.000000000	0.000000000	0.000000000	0.000000000	0.000000000	0.000000000	0.000000000	0.000000000	0.000000000	0.000000000	0.000000000	0.000000000	0.000000000	0.000000000	0.000000000	0.000000000	0.000000000	0.000000000	0.000000000	0.000000000	0.000000000	0.000000000	0.000000000	0.000000000	0.000000000	0.000000000	0.000000000	0.000000000	0.000000000	0.000000000	0.000000000	0.000000000	0.000000000	0.000000000	0.000000000	0.000000000	0.000000000		C1:LHO4
-0.000000037	-0.000002526	-0.000102863	-0.000940926	0.999985927	-0.000774369	0.000000000	-0.000000639	0.003524823	0.000000000	0.000002978	-0.003151724	0.000000011	-0.000002480	0.000212746	0.000000244	0.000000000	0.000650546	-0.000000000	0.001292401	-0.000001039	0.000000000	0.000998173	0.000000000	0.000000363	0.000179109	-0.000000000	0.000000862	-0.000000000	0.001060659	-0.000000000	0.000000000	0.000000000	0.000000000	0.000000000	0.000000000	0.000000000	0.000000000	0.000000000	0.000000000	0.000000000	0.000000000	0.000000000	0.000000000	0.000000000	0.000000000	0.000000000	0.000000000	0.000000000	0.000000000	0.000000000	0.000000000	0.000000000	0.000000000	0.000000000	0.000000000	0.000000000	0.000000000	0.000000000	0.000000000	0.000000000	0.000000000	0.000000000	0.000000000	0.000000000	0.000000000	0.000000000	0.000000000	0.000000000	0.000000000	0.000000000	0.000000000	0.000000000	0.000000000		C1:LHO5
-0.021548569	-0.154139701	0.139339796	-0.009056155	0.001168104	0.126877034	-0.031307290	0.027394014	-0.164611835	-0.208128869	0.109768586	-0.030086642	-0.007116651	0.007642733	-0.328313460	0.003080414	-0.000243059	0.525514099	0.024518625	-0.130664646	0.088542291	-0.001482175	-0.328972817	0.004458691	0.013219337	-0.485952808	-0.160761304	0.001805458	-0.000034921	-0.251693152	0.108285443	0.000000000	0.000000000	0.000000000	0.000000000	0.000000000	0.000000000	0.000000000	0.000000000	0.000000000	0.000000000	0.000000000	0.000000000	0.000000000	0.000000000	0.000000000	0.000000000	0.000000000	0.000000000	0.000000000	0.000000000	0.000000000	0.000000000	0.000000000	0.000000000	0.000000000	0.000000000	0.000000000	0.000000000	0.000000000	0.000000000	0.000000000	0.000000000	0.000000000	0.000000000	0.000000000	0.000000000	0.000000000	0.000000000	0.000000000	0.000000000	0.000000000	0.000000000	0.000000000		C1:LHO6
-0.033183588	0.042403825	-0.011863127	-0.001134984	0.000052874	0.016239494	0.994953764	-0.009971662	0.009769448	-0.015359163	0.014575666	-0.000353763	-0.007794821	-0.000028021	-0.014281167	-0.000168650	-0.000031665	0.004676194	0.006538386	-0.046098086	-0.005157731	-0.000267289	0.007454530	-0.044005425	0.000438390	-0.031599885	-0.015558059	-0.000677346	-0.000018952	-0.019133074	0.006182782	0.000000000	0.000000000	0.000000000	0.000000000	0.000000000	0.000000000	0.000000000	0.000000000	0.000000000	0.000000000	0.000000000	0.000000000	0.000000000	0.000000000	0.000000000	0.000000000	0.000000000	0.000000000	0.000000000	0.000000000	0.000000000	0.000000000	0.000000000	0.000000000	0.000000000	0.000000000	0.000000000	0.000000000	0.000000000	0.000000000	0.000000000	0.000000000	0.000000000	0.000000000	0.000000000	0.000000000	0.000000000	0.000000000	0.000000000	0.000000000	0.000000000	0.000000000	0.000000000		C1:LHO7
0.012798788	0.003503488	-0.006798154	0.000577633	-0.000059361	-0.003889148	0.015679835	0.529823818	0.006161257	0.012496949	-0.358357118	0.001044381	0.000253775	0.026121044	0.014333094	0.121728143	-0.000009110	-0.013400841	0.002514582	0.013608949	0.662565682	0.000055534	0.014682672	0.000023767	-0.363830879	-0.000871040	0.004874159	-0.047023350	-0.000049043	0.012877256	-0.011317229	0.000000000	0.000000000	0.000000000	0.000000000	0.000000000	0.000000000	0.000000000	0.000000000	0.000000000	0.000000000	0.000000000	0.000000000	0.000000000	0.000000000	0.000000000	0.000000000	0.000000000	0.000000000	0.000000000	0.000000000	0.000000000	0.000000000	0.000000000	0.000000000	0.000000000	0.000000000	0.000000000	0.000000000	0.000000000	0.000000000	0.000000000	0.000000000	0.000000000	0.000000000	0.000000000	0.000000000	0.000000000	0.000000000	0.000000000	0.000000000	0.000000000	0.000000000	0.000000000		C1:LHO8
-0.000605731	-0.020834327	0.643335399	0.053075781	-0.003004088	-0.025958883	-0.000000120	-0.000022675	0.748396025	0.000000161	0.000634037	-0.114253025	0.000000018	-0.000097139	-0.013993300	0.000072721	-0.000000004	0.061172641	-0.000000339	-0.013453373	0.000053795	-0.000000004	0.039927212	-0.000000180	-0.000071978	-0.034626803	0.000000044	0.000094201	-0.000000001	0.046068517	-0.000000041	0.000000000	0.000000000	0.000000000	0.000000000	0.000000000	0.000000000	0.000000000	0.000000000	0.000000000	0.000000000	0.000000000	0.000000000	0.000000000	0.000000000	0.000000000	0.000000000	0.000000000	0.000000000	0.000000000	0.000000000	0.000000000	0.000000000	0.000000000	0.000000000	0.000000000	0.000000000	0.000000000	0.000000000	0.000000000	0.000000000	0.000000000	0.000000000	0.000000000	0.000000000	0.000000000	0.000000000	0.000000000	0.000000000	0.000000000	0.000000000	0.000000000	0.000000000	0.000000000		C1:LHO9
0.120622984	-0.083700927	-0.028011983	0.012417336	-0.000633713	0.022570364	0.021365052	-0.003947244	0.008513626	0.134881150	0.005947211	0.004397435	0.007194800	0.000389615	-0.668465186	-0.001392029	-0.000046320	-0.003311807	-0.389971071	0.391517809	0.007396464	-0.000843654	0.216887050	-0.060757951	-0.000690915	0.117597828	0.198781248	0.000644039	0.004616773	0.041890950	0.316262572	0.000000000	0.000000000	0.000000000	0.000000000	0.000000000	0.000000000	0.000000000	0.000000000	0.000000000	0.000000000	0.000000000	0.000000000	0.000000000	0.000000000	0.000000000	0.000000000	0.000000000	0.000000000	0.000000000	0.000000000	0.000000000	0.000000000	0.000000000	0.000000000	0.000000000	0.000000000	0.000000000	0.000000000	0.000000000	0.000000000	0.000000000	0.000000000	0.000000000	0.000000000	0.000000000	0.000000000	0.000000000	0.000000000	0.000000000	0.000000000	0.000000000	0.000000000	0.000000000		C1:LHO10
-0.000573303	0.000391865	0.000021968	-0.000045722	0.000002770	-0.000509616	0.001743312	0.051908612	0.000308161	-0.001227241	-0.046388565	0.000010969	-0.000038669	0.000701642	-0.000856277	0.475543402	0.000023630	-0.001630805	-0.000634705	-0.001385470	-0.001003450	-0.000014604	-0.000417429	-0.000216352	0.167210625	0.003918240	0.000007968	0.860824369	0.000025754	-0.002125691	0.001178222	0.000000000	0.000000000	0.000000000	0.000000000	0.000000000	0.000000000	0.000000000	0.000000000	0.000000000	0.000000000	0.000000000	0.000000000	0.000000000	0.000000000	0.000000000	0.000000000	0.000000000	0.000000000	0.000000000	0.000000000	0.000000000	0.000000000	0.000000000	0.000000000	0.000000000	0.000000000	0.000000000	0.000000000	0.000000000	0.000000000	0.000000000	0.000000000	0.000000000	0.000000000	0.000000000	0.000000000	0.000000000	0.000000000	0.000000000	0.000000000	0.000000000	0.000000000	0.000000000		C1:LHO11
0.000017415	0.001753945	0.092436784	-0.580084140	0.001690458	-0.000034832	-0.000000005	-0.000000264	0.082146931	0.000000006	0.000069373	0.804369117	-0.000000004	0.000689263	-0.010727036	0.000033909	0.000000000	0.021350373	-0.000000013	0.006400228	-0.000023088	0.000000000	-0.015806468	-0.000000009	-0.000019961	-0.009566861	0.000000001	0.000028916	0.000000000	0.015504163	-0.000000000	0.000000000	0.000000000	0.000000000	0.000000000	0.000000000	0.000000000	0.000000000	0.000000000	0.000000000	0.000000000	0.000000000	0.000000000	0.000000000	0.000000000	0.000000000	0.000000000	0.000000000	0.000000000	0.000000000	0.000000000	0.000000000	0.000000000	0.000000000	0.000000000	0.000000000	0.000000000	0.000000000	0.000000000	0.000000000	0.000000000	0.000000000	0.000000000	0.000000000	0.000000000	0.000000000	0.000000000	0.000000000	0.000000000	0.000000000	0.000000000	0.000000000	0.000000000	0.000000000		C1:LHO12
0.000005570	0.000487148	0.027638061	0.574240810	0.001891218	0.006572795	0.006351185	0.000005402	-0.000762397	-0.014977204	-0.000000710	0.410953834	0.706284439	0.000346964	-0.002505500	0.000003881	0.000004061	0.000295717	0.004795910	-0.014980215	0.000010292	0.000023490	-0.013633930	0.027955001	-0.000012149	-0.005904088	-0.007598089	-0.000002561	0.000016323	-0.010067643	0.005950542	0.000000000	0.000000000	0.000000000	0.000000000	0.000000000	0.000000000	0.000000000	0.000000000	0.000000000	0.000000000	0.000000000	0.000000000	0.000000000	0.000000000	0.000000000	0.000000000	0.000000000	0.000000000	0.000000000	0.000000000	0.000000000	0.000000000	0.000000000	0.000000000	0.000000000	0.000000000	0.000000000	0.000000000	0.000000000	0.000000000	0.000000000	0.000000000	0.000000000	0.000000000	0.000000000	0.000000000	0.000000000	0.000000000	0.000000000	0.000000000	0.000000000	0.000000000	0.000000000		C1:LHO13
0.000000081	0.000000015	-0.000000435	0.000005909	-0.000000199	0.000019689	0.000000000	-0.023306717	0.000023838	-0.000000000	-0.028623866	-0.000851171	0.000000000	0.998369749	-0.000003513	-0.002378164	-0.000000002	0.000001899	-0.000000000	-0.000061583	-0.041857543	-0.000000005	0.000035616	-0.000000001	-0.011421902	0.000027043	-0.000000000	0.002532588	0.000000001	-0.000002755	0.000000001	0.000000000	0.000000000	0.000000000	0.000000000	0.000000000	0.000000000	0.000000000	0.000000000	0.000000000	0.000000000	0.000000000	0.000000000	0.000000000	0.000000000	0.000000000	0.000000000	0.000000000	0.000000000	0.000000000	0.000000000	0.000000000	0.000000000	0.000000000	0.000000000	0.000000000	0.000000000	0.000000000	0.000000000	0.000000000	0.000000000	0.000000000	0.000000000	0.000000000	0.000000000	0.000000000	0.000000000	0.000000000	0.000000000	0.000000000	0.000000000	0.000000000	0.000000000	0.000000000		C1:LHO14
-0.260160104	0.080796918	0.058633110	-0.013590539	0.001002854	-0.008181488	-0.023688180	-0.024973763	-0.003059913	-0.456161513	0.018582954	-0.007134092	-0.004008541	0.002390631	-0.191351694	0.004338479	0.001723968	-0.131935260	-0.062726345	-0.418482689	0.059785481	0.000701136	-0.226415227	-0.043646029	-0.004270603	0.462152981	0.393483983	-0.003855355	0.002311436	-0.204423136	0.110951045	0.000000000	0.000000000	0.000000000	0.000000000	0.000000000	0.000000000	0.000000000	0.000000000	0.000000000	0.000000000	0.000000000	0.000000000	0.000000000	0.000000000	0.000000000	0.000000000	0.000000000	0.000000000	0.000000000	0.000000000	0.000000000	0.000000000	0.000000000	0.000000000	0.000000000	0.000000000	0.000000000	0.000000000	0.000000000	0.000000000	0.000000000	0.000000000	0.000000000	0.000000000	0.000000000	0.000000000	0.000000000	0.000000000	0.000000000	0.000000000	0.000000000	0.000000000	0.000000000		C1:LHO15
-0.000003307	0.000146998	-0.000047393	0.000018954	-0.000001302	0.000002142	0.000026065	0.000028861	-0.000098161	0.000799778	-0.000017888	0.000004688	0.000010641	-0.000002650	0.000150879	-0.000010060	0.999657092	0.000274927	-0.000345583	0.000506697	-0.000069826	0.020606180	0.000618137	0.000063592	0.000003997	-0.001546935	-0.000250400	-0.000013407	-0.016024208	0.000444550	-0.000337419	0.000000000	0.000000000	0.000000000	0.000000000	0.000000000	0.000000000	0.000000000	0.000000000	0.000000000	0.000000000	0.000000000	0.000000000	0.000000000	0.000000000	0.000000000	0.000000000	0.000000000	0.000000000	0.000000000	0.000000000	0.000000000	0.000000000	0.000000000	0.000000000	0.000000000	0.000000000	0.000000000	0.000000000	0.000000000	0.000000000	0.000000000	0.000000000	0.000000000	0.000000000	0.000000000	0.000000000	0.000000000	0.000000000	0.000000000	0.000000000	0.000000000	0.000000000	0.000000000		C1:LHO16
-0.038570856	-0.019231011	0.023319104	-0.001846483	0.000209620	0.023888863	0.000678043	-0.011505386	-0.022584080	-0.040378187	-0.650779236	-0.004327905	-0.001263219	-0.048626015	-0.059192749	0.078629289	-0.000001350	0.058180242	-0.005263496	-0.034044550	-0.590934240	-0.000293195	-0.052715449	-0.001630000	-0.444723600	-0.038024000	-0.020715228	0.007858801	0.000105119	-0.042462315	0.033030848	0.000000000	0.000000000	0.000000000	0.000000000	0.000000000	0.000000000	0.000000000	0.000000000	0.000000000	0.000000000	0.000000000	0.000000000	0.000000000	0.000000000	0.000000000	0.000000000	0.000000000	0.000000000	0.000000000	0.000000000	0.000000000	0.000000000	0.000000000	0.000000000	0.000000000	0.000000000	0.000000000	0.000000000	0.000000000	0.000000000	0.000000000	0.000000000	0.000000000	0.000000000	0.000000000	0.000000000	0.000000000	0.000000000	0.000000000	0.000000000	0.000000000	0.000000000	0.000000000		C1:LHO17
-0.093935844	0.141017880	-0.037992560	0.000286730	0.000045593	0.142538464	-0.011973557	-0.007975691	0.073517163	0.016903266	0.007251740	0.000642357	-0.009414096	0.000759047	-0.416473412	0.001870946	0.000656063	-0.104976479	0.276491328	0.078526623	0.018262120	-0.003927867	-0.029157466	0.081481746	-0.002360960	0.384471739	-0.650170689	-0.001781906	0.001460186	-0.169674066	-0.263101976	0.000000000	0.000000000	0.000000000	0.000000000	0.000000000	0.000000000	0.000000000	0.000000000	0.000000000	0.000000000	0.000000000	0.000000000	0.000000000	0.000000000	0.000000000	0.000000000	0.000000000	0.000000000	0.000000000	0.000000000	0.000000000	0.000000000	0.000000000	0.000000000	0.000000000	0.000000000	0.000000000	0.000000000	0.000000000	0.000000000	0.000000000	0.000000000	0.000000000	0.000000000	0.000000000	0.000000000	0.000000000	0.000000000	0.000000000	0.000000000	0.000000000	0.000000000	0.000000000		C1:LHO18
-0.208674178	0.029034701	-0.487747155	0.017605654	-0.001739423	-0.485393905	0.000000403	-0.000409380	0.412270053	-0.000000487	0.000352239	0.008948797	-0.000000025	0.000007648	-0.093846763	0.000174390	0.000000029	0.043766638	0.000001318	0.174863545	-0.000668444	0.000000036	-0.484133567	-0.000000052	-0.000206535	-0.099474156	-0.000000229	0.000301261	0.000000020	0.161760834	0.000000141	0.000000000	0.000000000	0.000000000	0.000000000	0.000000000	0.000000000	0.000000000	0.000000000	0.000000000	0.000000000	0.000000000	0.000000000	0.000000000	0.000000000	0.000000000	0.000000000	0.000000000	0.000000000	0.000000000	0.000000000	0.000000000	0.000000000	0.000000000	0.000000000	0.000000000	0.000000000	0.000000000	0.000000000	0.000000000	0.000000000	0.000000000	0.000000000	0.000000000	0.000000000	0.000000000	0.000000000	0.000000000	0.000000000	0.000000000	0.000000000	0.000000000	0.000000000	0.000000000		C1:LHO19
-0.029745111	-0.067861159	0.004660185	-0.008118924	0.000788890	0.452247393	-0.010834536	0.004087257	0.061489512	-0.103506883	0.008873763	-0.007471164	-0.001843631	0.000373794	-0.064916021	-0.000985564	-0.000163356	-0.708392801	-0.083058481	0.070351527	-0.000096020	-0.001280359	-0.318159804	-0.007568467	0.001916805	-0.384144174	-0.027451629	0.000916050	-0.000115537	0.079004029	0.037319059	0.000000000	0.000000000	0.000000000	0.000000000	0.000000000	0.000000000	0.000000000	0.000000000	0.000000000	0.000000000	0.000000000	0.000000000	0.000000000	0.000000000	0.000000000	0.000000000	0.000000000	0.000000000	0.000000000	0.000000000	0.000000000	0.000000000	0.000000000	0.000000000	0.000000000	0.000000000	0.000000000	0.000000000	0.000000000	0.000000000	0.000000000	0.000000000	0.000000000	0.000000000	0.000000000	0.000000000	0.000000000	0.000000000	0.000000000	0.000000000	0.000000000	0.000000000	0.000000000		C1:LHO20
0.002943022	-0.010499151	0.003152789	0.000105653	0.000013609	0.009892758	0.002315483	-0.689407093	-0.005970526	0.002993342	-0.533842161	-0.000956493	-0.000056022	-0.011234723	-0.006590059	-0.012010027	-0.000037989	0.022028103	0.006120293	0.008581514	0.407920300	-0.000084729	-0.004854992	0.001246201	0.263247293	-0.042059528	-0.006233753	-0.030938836	-0.000077173	0.002186634	-0.007034099	0.000000000	0.000000000	0.000000000	0.000000000	0.000000000	0.000000000	0.000000000	0.000000000	0.000000000	0.000000000	0.000000000	0.000000000	0.000000000	0.000000000	0.000000000	0.000000000	0.000000000	0.000000000	0.000000000	0.000000000	0.000000000	0.000000000	0.000000000	0.000000000	0.000000000	0.000000000	0.000000000	0.000000000	0.000000000	0.000000000	0.000000000	0.000000000	0.000000000	0.000000000	0.000000000	0.000000000	0.000000000	0.000000000	0.000000000	0.000000000	0.000000000	0.000000000	0.000000000		C1:LHO21
0.006239849	-0.000335985	-0.002270170	0.000239520	-0.000022868	-0.002055387	-0.002695247	-0.117233486	0.001688472	0.004815738	0.131190164	0.000381207	0.000171305	0.002859279	0.005213896	0.867493187	-0.000009479	-0.004643271	0.000641775	0.005690997	-0.031926304	0.000039893	0.005860765	0.000305187	-0.006152991	-0.001252298	0.002608292	-0.463885955	-0.000027935	0.004852670	-0.003955329	0.000000000	0.000000000	0.000000000	0.000000000	0.000000000	0.000000000	0.000000000	0.000000000	0.000000000	0.000000000	0.000000000	0.000000000	0.000000000	0.000000000	0.000000000	0.000000000	0.000000000	0.000000000	0.000000000	0.000000000	0.000000000	0.000000000	0.000000000	0.000000000	0.000000000	0.000000000	0.000000000	0.000000000	0.000000000	0.000000000	0.000000000	0.000000000	0.000000000	0.000000000	0.000000000	0.000000000	0.000000000	0.000000000	0.000000000	0.000000000	0.000000000	0.000000000	0.000000000		C1:LHO22
0.042044680	-0.004741474	-0.018112760	0.001915691	-0.000078894	0.084232520	0.001327191	0.000255826	0.019747214	0.165208354	0.001277648	-0.000316547	-0.004771094	0.000066459	-0.070482398	-0.000041648	0.000388779	-0.027724950	0.790196870	0.058423459	0.000621382	0.001163049	-0.024663164	0.014133248	-0.000242728	0.025596715	0.201054357	0.000245276	0.001128796	0.048084892	0.534144620	0.000000000	0.000000000	0.000000000	0.000000000	0.000000000	0.000000000	0.000000000	0.000000000	0.000000000	0.000000000	0.000000000	0.000000000	0.000000000	0.000000000	0.000000000	0.000000000	0.000000000	0.000000000	0.000000000	0.000000000	0.000000000	0.000000000	0.000000000	0.000000000	0.000000000	0.000000000	0.000000000	0.000000000	0.000000000	0.000000000	0.000000000	0.000000000	0.000000000	0.000000000	0.000000000	0.000000000	0.000000000	0.000000000	0.000000000	0.000000000	0.000000000	0.000000000	0.000000000		C1:LHO23
0.000000560	0.000000156	-0.000000163	0.000000029	-0.000000002	-0.000000206	0.044492109	0.000000010	0.000000302	-0.013478466	0.000000007	0.000000009	-0.039204609	-0.000000000	0.000000587	-0.000000022	-0.000058751	0.000000725	-0.073555882	0.000000403	-0.000000027	0.000843105	0.000000220	0.991264763	-0.000000009	0.000000108	0.067738171	0.000000012	-0.000025874	0.000000050	0.060797270	0.000000000	0.000000000	0.000000000	0.000000000	0.000000000	0.000000000	0.000000000	0.000000000	0.000000000	0.000000000	0.000000000	0.000000000	0.000000000	0.000000000	0.000000000	0.000000000	0.000000000	0.000000000	0.000000000	0.000000000	0.000000000	0.000000000	0.000000000	0.000000000	0.000000000	0.000000000	0.000000000	0.000000000	0.000000000	0.000000000	0.000000000	0.000000000	0.000000000	0.000000000	0.000000000	0.000000000	0.000000000	0.000000000	0.000000000	0.000000000	0.000000000	0.000000000	0.000000000		C1:LHO24
-0.015984416	-0.002267228	0.006863907	-0.000748805	0.000072907	0.005178757	0.006636685	0.474514898	-0.004820826	-0.016193877	-0.360154073	-0.001193935	-0.000497566	0.002707849	-0.021954456	0.010832203	0.000015752	0.011454114	-0.004296738	-0.016152719	-0.172512914	-0.000079652	-0.018028323	-0.001466260	0.756445235	0.004910983	-0.004861574	-0.201313155	0.000074473	-0.018252992	0.015358605	0.000000000	0.000000000	0.000000000	0.000000000	0.000000000	0.000000000	0.000000000	0.000000000	0.000000000	0.000000000	0.000000000	0.000000000	0.000000000	0.000000000	0.000000000	0.000000000	0.000000000	0.000000000	0.000000000	0.000000000	0.000000000	0.000000000	0.000000000	0.000000000	0.000000000	0.000000000	0.000000000	0.000000000	0.000000000	0.000000000	0.000000000	0.000000000	0.000000000	0.000000000	0.000000000	0.000000000	0.000000000	0.000000000	0.000000000	0.000000000	0.000000000	0.000000000	0.000000000		C1:LHO25
-0.018942261	0.028504898	-0.024158422	0.002062044	-0.000159871	0.007280002	0.003065953	0.010197374	0.015403435	-0.040616755	-0.005993428	0.001774621	0.006979431	-0.000965917	-0.243134100	-0.002319305	-0.000310101	-0.009022484	0.310443036	0.200979626	-0.024957078	-0.004736497	0.142513228	0.028259374	0.001019648	-0.211134750	0.512330800	0.001817077	-0.002894017	-0.179380807	-0.662665136	0.000000000	0.000000000	0.000000000	0.000000000	0.000000000	0.000000000	0.000000000	0.000000000	0.000000000	0.000000000	0.000000000	0.000000000	0.000000000	0.000000000	0.000000000	0.000000000	0.000000000	0.000000000	0.000000000	0.000000000	0.000000000	0.000000000	0.000000000	0.000000000	0.000000000	0.000000000	0.000000000	0.000000000	0.000000000	0.000000000	0.000000000	0.000000000	0.000000000	0.000000000	0.000000000	0.000000000	0.000000000	0.000000000	0.000000000	0.000000000	0.000000000	0.000000000	0.000000000		C1:LHO26
-0.195933382	-0.042201938	0.121565194	-0.012593250	0.001135881	-0.074706648	-0.009645313	0.000160247	-0.110305924	0.765296110	0.005681427	-0.013293620	0.018496798	0.000454158	-0.212117096	0.000952381	-0.000309823	-0.082870636	-0.071929880	-0.476103273	0.007540878	-0.000642462	-0.176255345	0.007431770	-0.000112494	-0.032506143	0.090476916	-0.000050601	-0.000190673	0.046988185	-0.120335197	0.000000000	0.000000000	0.000000000	0.000000000	0.000000000	0.000000000	0.000000000	0.000000000	0.000000000	0.000000000	0.000000000	0.000000000	0.000000000	0.000000000	0.000000000	0.000000000	0.000000000	0.000000000	0.000000000	0.000000000	0.000000000	0.000000000	0.000000000	0.000000000	0.000000000	0.000000000	0.000000000	0.000000000	0.000000000	0.000000000	0.000000000	0.000000000	0.000000000	0.000000000	0.000000000	0.000000000	0.000000000	0.000000000	0.000000000	0.000000000	0.000000000	0.000000000	0.000000000		C1:LHO27
-0.005195304	0.004268672	-0.000102822	0.000027530	-0.000000613	0.001955510	-0.000260658	0.000020835	0.000111135	0.000025072	0.000036363	-0.000013332	0.000005052	0.000001923	-0.004838279	0.000001606	-0.024994036	-0.000205204	0.000274826	0.001872934	0.000009551	0.932803917	0.002231366	-0.000598057	0.000004070	-0.001748820	-0.001037217	0.000028408	-0.359390923	-0.001369347	-0.001673994	0.000000000	0.000000000	0.000000000	0.000000000	0.000000000	0.000000000	0.000000000	0.000000000	0.000000000	0.000000000	0.000000000	0.000000000	0.000000000	0.000000000	0.000000000	0.000000000	0.000000000	0.000000000	0.000000000	0.000000000	0.000000000	0.000000000	0.000000000	0.000000000	0.000000000	0.000000000	0.000000000	0.000000000	0.000000000	0.000000000	0.000000000	0.000000000	0.000000000	0.000000000	0.000000000	0.000000000	0.000000000	0.000000000	0.000000000	0.000000000	0.000000000	0.000000000	0.000000000		C1:LHO28
0.001960069	-0.001904620	0.000122161	0.000007107	0.000000248	-0.000687574	0.000118841	-0.000069097	0.000058868	-0.000162934	0.000041548	0.000010408	0.000005251	0.000005312	-0.001710165	0.000004210	-0.007534338	-0.000557671	-0.001758148	0.000015299	0.000141327	-0.359649051	-0.000853001	-0.000153933	-0.000012316	0.003786644	-0.000049415	0.000001354	-0.933028575	-0.000057527	0.004901099	0.000000000	0.000000000	0.000000000	0.000000000	0.000000000	0.000000000	0.000000000	0.000000000	0.000000000	0.000000000	0.000000000	0.000000000	0.000000000	0.000000000	0.000000000	0.000000000	0.000000000	0.000000000	0.000000000	0.000000000	0.000000000	0.000000000	0.000000000	0.000000000	0.000000000	0.000000000	0.000000000	0.000000000	0.000000000	0.000000000	0.000000000	0.000000000	0.000000000	0.000000000	0.000000000	0.000000000	0.000000000	0.000000000	0.000000000	0.000000000	0.000000000	0.000000000	0.000000000		C1:LHO29
0.023744968	-0.003332213	-0.009322170	0.012839318	-0.000423308	0.240777303	0.004483152	0.006198596	-0.058165243	-0.184591666	0.000419650	-0.006808830	-0.003105121	-0.000146589	-0.181380034	0.000391886	-0.000094611	0.218413633	0.075010776	-0.162288836	-0.007173216	-0.000009102	-0.022656576	0.011876457	0.001615017	0.081376604	0.028436658	0.001054837	-0.000687693	0.866163372	-0.180775978	0.000000000	0.000000000	0.000000000	0.000000000	0.000000000	0.000000000	0.000000000	0.000000000	0.000000000	0.000000000	0.000000000	0.000000000	0.000000000	0.000000000	0.000000000	0.000000000	0.000000000	0.000000000	0.000000000	0.000000000	0.000000000	0.000000000	0.000000000	0.000000000	0.000000000	0.000000000	0.000000000	0.000000000	0.000000000	0.000000000	0.000000000	0.000000000	0.000000000	0.000000000	0.000000000	0.000000000	0.000000000	0.000000000	0.000000000	0.000000000	0.000000000	0.000000000	0.000000000		C1:LHO30
0.367868726	-0.210738957	-0.034965437	-0.006053024	0.000122756	-0.502583234	-0.006366561	-0.001013976	-0.006957030	-0.229043872	-0.007579383	0.011166075	-0.008126161	-0.000581747	-0.254800678	-0.001596908	-0.000053468	-0.315390157	0.119323059	-0.405083534	-0.007627289	0.002280440	0.301329738	0.015815010	-0.000554577	-0.223144303	-0.162782695	0.000236189	0.000059624	0.056643731	0.016488618	0.000000000	0.000000000	0.000000000	0.000000000	0.000000000	0.000000000	0.000000000	0.000000000	0.000000000	0.000000000	0.000000000	0.000000000	0.000000000	0.000000000	0.000000000	0.000000000	0.000000000	0.000000000	0.000000000	0.000000000	0.000000000	0.000000000	0.000000000	0.000000000	0.000000000	0.000000000	0.000000000	0.000000000	0.000000000	0.000000000	0.000000000	0.000000000	0.000000000	0.000000000	0.000000000	0.000000000	0.000000000	0.000000000	0.000000000	0.000000000	0.000000000	0.000000000	0.000000000		C1:LHO31
0.000000000	0.000000000	0.000000000	0.000000000	0.000000000	0.000000000	0.000000000	0.000000000	0.000000000	0.000000000	0.000000000	0.000000000	0.000000000	0.000000000	0.000000000	0.000000000	0.000000000	0.000000000	0.000000000	0.000000000	0.000000000	0.000000000	0.000000000	0.000000000	0.000000000	0.000000000	0.000000000	0.000000000	0.000000000	0.000000000	0.000000000	0.999360105	-0.019914692	-0.003951842	-0.000018685	-0.000023919	-0.013779708	0.002037165	0.005239691	0.017500022	0.000206561	0.000000728	0.000018782	0.000001841	0.000000421	-0.001003903	-0.000094477	0.000838644	0.008589906	0.000579866	-0.000470340	-0.000008490	0.000258485	0.000042849	0.000153146	0.000404302	0.015605445	0.000503018	-0.000047459	-0.000071870	0.004389291	-0.000111619	0.000000000	0.000000000	0.000000000	0.000000000	0.000000000	0.000000000	0.000000000	0.000000000	0.000000000	0.000000000	0.000000000	0.000000000		O2:LHO32
0.000000000	0.000000000	0.000000000	0.000000000	0.000000000	0.000000000	0.000000000	0.000000000	0.000000000	0.000000000	0.000000000	0.000000000	0.000000000	0.000000000	0.000000000	0.000000000	0.000000000	0.000000000	0.000000000	0.000000000	0.000000000	0.000000000	0.000000000	0.000000000	0.000000000	0.000000000	0.000000000	0.000000000	0.000000000	0.000000000	0.000000000	0.003718963	0.258269438	-0.422850359	-0.004299708	0.000469815	-0.221258082	-0.031006819	-0.000141839	-0.304447006	-0.010796491	0.000019739	-0.023395504	0.002753471	-0.000244192	-0.038441664	0.000758740	-0.000029866	0.032765582	-0.025016279	-0.765638797	0.004124625	-0.000150293	0.088824764	-0.059707042	0.001888972	0.072491161	0.004699194	0.004947332	0.000006281	0.069573190	-0.013710687	0.000000000	0.000000000	0.000000000	0.000000000	0.000000000	0.000000000	0.000000000	0.000000000	0.000000000	0.000000000	0.000000000	0.000000000		O2:LHO33
0.000000000	0.000000000	0.000000000	0.000000000	0.000000000	0.000000000	0.000000000	0.000000000	0.000000000	0.000000000	0.000000000	0.000000000	0.000000000	0.000000000	0.000000000	0.000000000	0.000000000	0.000000000	0.000000000	0.000000000	0.000000000	0.000000000	0.000000000	0.000000000	0.000000000	0.000000000	0.000000000	0.000000000	0.000000000	0.000000000	0.000000000	-0.016950655	-0.948528952	-0.016996296	-0.003107971	0.000304625	-0.075552660	-0.001705245	-0.000078425	-0.207260970	-0.000960107	-0.000182709	-0.015204714	0.000308143	-0.000168295	-0.018644221	0.000159461	-0.000013380	0.014832574	-0.003027871	-0.185076779	0.002611873	-0.000048498	0.117471436	-0.004873044	0.000494098	0.008957033	0.001916826	0.001923955	-0.000000552	0.044623035	-0.008184994	0.000000000	0.000000000	0.000000000	0.000000000	0.000000000	0.000000000	0.000000000	0.000000000	0.000000000	0.000000000	0.000000000	0.000000000		O2:LHO34
0.000000000	0.000000000	0.000000000	0.000000000	0.000000000	0.000000000	0.000000000	0.000000000	0.000000000	0.000000000	0.000000000	0.000000000	0.000000000	0.000000000	0.000000000	0.000000000	0.000000000	0.000000000	0.000000000	0.000000000	0.000000000	0.000000000	0.000000000	0.000000000	0.000000000	0.000000000	0.000000000	0.000000000	0.000000000	0.000000000	0.000000000	-0.000005607	0.000290561	-0.014633421	0.763178104	0.108023688	0.003632656	-0.000000004	0.000003090	0.001781970	-0.000000005	0.000001553	-0.636080215	0.000000043	-0.000540072	-0.000733342	0.000001265	0.000000000	0.000217421	0.000000001	0.018417890	-0.000049653	-0.000000000	-0.026557559	0.000000007	0.000003262	0.001573924	0.000000000	-0.000005937	-0.000000000	-0.003681298	-0.000000000	0.000000000	0.000000000	0.000000000	0.000000000	0.000000000	0.000000000	0.000000000	0.000000000	0.000000000	0.000000000	0.000000000	0.000000000		O2:LHO35
0.000000000	0.000000000	0.000000000	0.000000000	0.000000000	0.000000000	0.000000000	0.000000000	0.000000000	0.000000000	0.000000000	0.000000000	0.000000000	0.000000000	0.000000000	0.000000000	0.000000000	0.000000000	0.000000000	0.000000000	0.000000000	0.000000000	0.000000000	0.000000000	0.000000000	0.000000000	0.000000000	0.000000000	0.000000000	0.000000000	0.000000000	0.000000620	-0.000032026	0.001611490	-0.081650636	0.994139299	-0.002642091	0.000000000	-0.000002245	-0.000561475	0.000000001	-0.000000484	0.070774978	-0.000000003	0.000060129	0.000279134	-0.000000681	-0.000000000	-0.000320506	-0.000000000	-0.000998637	0.000001644	-0.000000000	0.000197074	-0.000000001	0.000000253	0.000120334	-0.000000000	-0.000000127	-0.000000000	0.000032512	0.000000000	0.000000000	0.000000000	0.000000000	0.000000000	0.000000000	0.000000000	0.000000000	0.000000000	0.000000000	0.000000000	0.000000000	0.000000000		O2:LHO36
0.000000000	0.000000000	0.000000000	0.000000000	0.000000000	0.000000000	0.000000000	0.000000000	0.000000000	0.000000000	0.000000000	0.000000000	0.000000000	0.000000000	0.000000000	0.000000000	0.000000000	0.000000000	0.000000000	0.000000000	0.000000000	0.000000000	0.000000000	0.000000000	0.000000000	0.000000000	0.000000000	0.000000000	0.000000000	0.000000000	0.000000000	0.014583079	0.026795282	0.079707436	-0.014687057	0.002796304	0.930480249	-0.017418261	0.003883624	-0.164672277	-0.005103929	-0.018160768	-0.027703317	0.001366900	-0.000891960	-0.033947882	0.009085186	-0.000009985	0.048851508	-0.009319936	-0.196543662	0.003423288	-0.000026488	0.191556135	-0.030185244	0.026153731	0.084615182	0.000873174	0.097552574	-0.000006083	0.028269577	-0.004802480	0.000000000	0.000000000	0.000000000	0.000000000	0.000000000	0.000000000	0.000000000	0.000000000	0.000000000	0.000000000	0.000000000	0.000000000		O2:LHO37
0.000000000	0.000000000	0.000000000	0.000000000	0.000000000	0.000000000	0.000000000	0.000000000	0.000000000	0.000000000	0.000000000	0.000000000	0.000000000	0.000000000	0.000000000	0.000000000	0.000000000	0.000000000	0.000000000	0.000000000	0.000000000	0.000000000	0.000000000	0.000000000	0.000000000	0.000000000	0.000000000	0.000000000	0.000000000	0.000000000	0.000000000	0.001278961	0.033039299	-0.116214896	-0.003631946	0.000481084	-0.012446386	0.790637582	0.000015388	-0.112864197	0.118072233	-0.000341467	-0.008965129	0.001156813	0.000284246	-0.003049020	0.000392964	0.000540783	0.000141685	0.499805019	0.084843731	-0.004485769	0.000259580	0.235744980	0.065216342	0.000263788	-0.051182713	-0.004627292	-0.000436227	-0.000209848	-0.089593701	-0.076372149	0.000000000	0.000000000	0.000000000	0.000000000	0.000000000	0.000000000	0.000000000	0.000000000	0.000000000	0.000000000	0.000000000	0.000000000		O2:LHO38
0.000000000	0.000000000	0.000000000	0.000000000	0.000000000	0.000000000	0.000000000	0.000000000	0.000000000	0.000000000	0.000000000	0.000000000	0.000000000	0.000000000	0.000000000	0.000000000	0.000000000	0.000000000	0.000000000	0.000000000	0.000000000	0.000000000	0.000000000	0.000000000	0.000000000	0.000000000	0.000000000	0.000000000	0.000000000	0.000000000	0.000000000	-0.005302094	-0.000058153	-0.000084920	0.000058159	-0.000010691	-0.004114760	0.000182095	0.989944290	0.000604428	-0.000013361	0.006720494	0.000112137	-0.000008527	0.000174358	-0.001115224	-0.076069507	0.000020476	-0.001043227	-0.000296518	0.000661296	-0.000777074	0.000162241	-0.000748266	0.000176760	0.117482488	0.000035650	0.000429714	-0.018030455	-0.000034945	-0.001250995	0.000070394	0.000000000	0.000000000	0.000000000	0.000000000	0.000000000	0.000000000	0.000000000	0.000000000	0.000000000	0.000000000	0.000000000	0.000000000		O2:LHO39
0.000000000	0.000000000	0.000000000	0.000000000	0.000000000	0.000000000	0.000000000	0.000000000	0.000000000	0.000000000	0.000000000	0.000000000	0.000000000	0.000000000	0.000000000	0.000000000	0.000000000	0.000000000	0.000000000	0.000000000	0.000000000	0.000000000	0.000000000	0.000000000	0.000000000	0.000000000	0.000000000	0.000000000	0.000000000	0.000000000	0.000000000	-0.013090043	-0.157107126	-0.735848722	-0.000456828	0.000396554	0.205377093	-0.000001592	0.000178918	0.614351613	0.000027758	0.000507537	0.023566664	0.000000456	0.000019746	0.034830327	-0.000071456	0.000000575	-0.024681167	-0.000004304	0.029278700	-0.000102454	-0.000000043	-0.075392620	-0.000002557	-0.000041791	-0.019936293	-0.000000012	-0.000044197	-0.000000008	-0.068904895	0.000000005	0.000000000	0.000000000	0.000000000	0.000000000	0.000000000	0.000000000	0.000000000	0.000000000	0.000000000	0.000000000	0.000000000	0.000000000		O2:LHO40
0.000000000	0.000000000	0.000000000	0.000000000	0.000000000	0.000000000	0.000000000	0.000000000	0.000000000	0.000000000	0.000000000	0.000000000	0.000000000	0.000000000	0.000000000	0.000000000	0.000000000	0.000000000	0.000000000	0.000000000	0.000000000	0.000000000	0.000000000	0.000000000	0.000000000	0.000000000	0.000000000	0.000000000	0.000000000	0.000000000	0.000000000	-0.000000046	0.000005042	0.000035673	-0.000001118	0.000000071	-0.000010604	-0.054283934	-0.000000018	0.000006234	0.984895016	0.000000022	-0.000003722	0.016336489	-0.000000006	-0.000001025	-0.000000197	-0.000114092	0.000000493	-0.134454583	-0.000013892	0.000000065	-0.000080082	0.000026119	-0.093206559	-0.000000001	-0.000000800	-0.000707002	0.000000006	0.000002321	0.000005294	0.001470312	0.000000000	0.000000000	0.000000000	0.000000000	0.000000000	0.000000000	0.000000000	0.000000000	0.000000000	0.000000000	0.000000000	0.000000000		O2:LHO41
0.000000000	0.000000000	0.000000000	0.000000000	0.000000000	0.000000000	0.000000000	0.000000000	0.000000000	0.000000000	0.000000000	0.000000000	0.000000000	0.000000000	0.000000000	0.000000000	0.000000000	0.000000000	0.000000000	0.000000000	0.000000000	0.000000000	0.000000000	0.000000000	0.000000000	0.000000000	0.000000000	0.000000000	0.000000000	0.000000000	0.000000000	0.000178999	0.000060443	0.000739983	-0.000173178	0.000032506	0.010576817	-0.000800519	-0.001920091	-0.002876138	-0.000166725	0.965187557	-0.000329121	0.000017811	0.001232852	-0.000014491	0.185873908	-0.000000479	-0.000201202	-0.000572247	-0.002002505	-0.160350980	-0.000000567	0.002796444	-0.000467092	0.084992141	0.000870519	0.000014269	0.028060541	0.000000111	0.000679277	0.000011481	0.000000000	0.000000000	0.000000000	0.000000000	0.000000000	0.000000000	0.000000000	0.000000000	0.000000000	0.000000000	0.000000000	0.000000000		O2:LHO42
0.000000000	0.000000000	0.000000000	0.000000000	0.000000000	0.000000000	0.000000000	0.000000000	0.000000000	0.000000000	0.000000000	0.000000000	0.000000000	0.000000000	0.000000000	0.000000000	0.000000000	0.000000000	0.000000000	0.000000000	0.000000000	0.000000000	0.000000000	0.000000000	0.000000000	0.000000000	0.000000000	0.000000000	0.000000000	0.000000000	0.000000000	0.000010278	-0.000536850	0.026909719	0.640089348	-0.001796406	0.008790125	0.000000002	0.000007449	0.012744903	0.000000004	0.000010741	0.762736031	0.000000057	0.000640337	-0.001288630	0.000003116	-0.000000001	0.001419336	-0.000000000	-0.040252639	0.000123196	0.000000000	0.075943612	0.000000006	-0.000013574	-0.006548257	-0.000000000	0.000019968	0.000000000	0.010832251	0.000000002	0.000000000	0.000000000	0.000000000	0.000000000	0.000000000	0.000000000	0.000000000	0.000000000	0.000000000	0.000000000	0.000000000	0.000000000		O2:LHO43
0.000000000	0.000000000	0.000000000	0.000000000	0.000000000	0.000000000	0.000000000	0.000000000	0.000000000	0.000000000	0.000000000	0.000000000	0.000000000	0.000000000	0.000000000	0.000000000	0.000000000	0.000000000	0.000000000	0.000000000	0.000000000	0.000000000	0.000000000	0.000000000	0.000000000	0.000000000	0.000000000	0.000000000	0.000000000	0.000000000	0.000000000	-0.000000003	0.000000010	-0.000000001	-0.000000070	-0.000000001	0.000000004	-0.002331847	0.000000000	0.000000002	-0.012292280	-0.000000000	-0.000000016	0.998758308	-0.000000002	0.000000001	0.000000003	-0.000000077	-0.000000004	-0.000079928	-0.000000006	-0.000000000	0.000039820	-0.000000007	0.046824836	0.000000000	0.000000001	-0.000789134	-0.000000000	0.000012999	-0.000000002	0.011493809	0.000000000	0.000000000	0.000000000	0.000000000	0.000000000	0.000000000	0.000000000	0.000000000	0.000000000	0.000000000	0.000000000	0.000000000		O2:LHO44
0.000000000	0.000000000	0.000000000	0.000000000	0.000000000	0.000000000	0.000000000	0.000000000	0.000000000	0.000000000	0.000000000	0.000000000	0.000000000	0.000000000	0.000000000	0.000000000	0.000000000	0.000000000	0.000000000	0.000000000	0.000000000	0.000000000	0.000000000	0.000000000	0.000000000	0.000000000	0.000000000	0.000000000	0.000000000	0.000000000	0.000000000	0.000000010	-0.000000039	0.000000047	0.000004671	-0.000000050	-0.000000333	-0.000000000	0.000463927	-0.000008137	0.000000000	0.009673321	-0.000841777	0.000000002	0.997971884	-0.000003874	-0.002620282	0.000000002	0.000002245	-0.000000003	0.000090479	0.061715396	0.000000002	-0.000051856	0.000000000	-0.005619870	0.000025719	0.000000000	0.010505744	0.000000001	-0.000010844	-0.000000000	0.000000000	0.000000000	0.000000000	0.000000000	0.000000000	0.000000000	0.000000000	0.000000000	0.000000000	0.000000000	0.000000000	0.000000000		O2:LHO45
0.000000000	0.000000000	0.000000000	0.000000000	0.000000000	0.000000000	0.000000000	0.000000000	0.000000000	0.000000000	0.000000000	0.000000000	0.000000000	0.000000000	0.000000000	0.000000000	0.000000000	0.000000000	0.000000000	0.000000000	0.000000000	0.000000000	0.000000000	0.000000000	0.000000000	0.000000000	0.000000000	0.000000000	0.000000000	0.000000000	0.000000000	-0.000343292	0.000003195	-0.000056107	-0.000000957	0.000000176	-0.000034503	-0.000338363	-0.000078520	0.000014310	0.000012959	0.000000276	0.000000206	-0.000016515	-0.000000239	-0.000489417	0.000008021	0.242897648	0.000434678	-0.000260907	0.000005727	0.000003345	0.264963039	-0.000011675	0.000210819	-0.000011088	0.000128415	-0.006330477	0.000001966	-0.933142179	0.000258673	0.000223975	0.000000000	0.000000000	0.000000000	0.000000000	0.000000000	0.000000000	0.000000000	0.000000000	0.000000000	0.000000000	0.000000000	0.000000000		O2:LHO46
0.000000000	0.000000000	0.000000000	0.000000000	0.000000000	0.000000000	0.000000000	0.000000000	0.000000000	0.000000000	0.000000000	0.000000000	0.000000000	0.000000000	0.000000000	0.000000000	0.000000000	0.000000000	0.000000000	0.000000000	0.000000000	0.000000000	0.000000000	0.000000000	0.000000000	0.000000000	0.000000000	0.000000000	0.000000000	0.000000000	0.000000000	-0.000436481	-0.000052220	-0.000172732	0.000019433	-0.000003587	-0.001607257	0.000012148	0.127585776	0.000498944	-0.000007529	-0.116327200	0.000046895	-0.000003635	-0.000169050	-0.000192941	0.834965235	-0.000001450	0.001704076	-0.000110271	0.000307727	-0.000623716	-0.000007450	-0.000470470	0.000070273	-0.519985424	0.000674354	0.000013045	0.051290702	0.000001490	0.000354915	0.000023910	0.000000000	0.000000000	0.000000000	0.000000000	0.000000000	0.000000000	0.000000000	0.000000000	0.000000000	0.000000000	0.000000000	0.000000000		O2:LHO47
0.000000000	0.000000000	0.000000000	0.000000000	0.000000000	0.000000000	0.000000000	0.000000000	0.000000000	0.000000000	0.000000000	0.000000000	0.000000000	0.000000000	0.000000000	0.000000000	0.000000000	0.000000000	0.000000000	0.000000000	0.000000000	0.000000000	0.000000000	0.000000000	0.000000000	0.000000000	0.000000000	0.000000000	0.000000000	0.000000000	0.000000000	-0.000767075	0.000005611	0.000022940	0.000000594	-0.000000070	0.000016858	-0.000446139	0.000000731	-0.000035392	0.000045044	-0.000000468	-0.000000956	0.000005274	0.000000059	0.000478297	0.000000109	0.969245167	-0.000072983	-0.000208541	-0.000018312	-0.000000845	-0.105500917	0.000017827	-0.000065247	-0.000000035	-0.000007346	0.001651216	-0.000000174	0.222327564	-0.000126776	-0.000002320	0.000000000	0.000000000	0.000000000	0.000000000	0.000000000	0.000000000	0.000000000	0.000000000	0.000000000	0.000000000	0.000000000	0.000000000		O2:LHO48
0.000000000	0.000000000	0.000000000	0.000000000	0.000000000	0.000000000	0.000000000	0.000000000	0.000000000	0.000000000	0.000000000	0.000000000	0.000000000	0.000000000	0.000000000	0.000000000	0.000000000	0.000000000	0.000000000	0.000000000	0.000000000	0.000000000	0.000000000	0.000000000	0.000000000	0.000000000	0.000000000	0.000000000	0.000000000	0.000000000	0.000000000	-0.011303248	0.000242799	-0.013543331	-0.000146863	0.000082037	-0.030268005	0.074269206	-0.000311993	0.086233713	0.001954843	0.001238014	0.004857969	0.000445150	-0.000134668	-0.719097876	-0.001249914	0.000227338	0.575728545	-0.012354826	0.074602173	0.001728455	-0.001392101	-0.072371472	-0.004728763	0.000550682	0.135029138	-0.000645366	0.000571395	0.000406994	0.328635978	-0.002384166	0.000000000	0.000000000	0.000000000	0.000000000	0.000000000	0.000000000	0.000000000	0.000000000	0.000000000	0.000000000	0.000000000	0.000000000		O2:LHO49
0.000000000	0.000000000	0.000000000	0.000000000	0.000000000	0.000000000	0.000000000	0.000000000	0.000000000	0.000000000	0.000000000	0.000000000	0.000000000	0.000000000	0.000000000	0.000000000	0.000000000	0.000000000	0.000000000	0.000000000	0.000000000	0.000000000	0.000000000	0.000000000	0.000000000	0.000000000	0.000000000	0.000000000	0.000000000	0.000000000	0.000000000	0.003371908	0.005432163	-0.019462643	-0.001075884	0.000146783	0.001281288	-0.555675654	0.000294013	-0.021132582	0.079800897	-0.000059748	-0.002125546	-0.000195102	0.000025824	-0.089368797	0.000323657	-0.000068021	0.042350709	0.800944514	0.007018113	-0.000298757	-0.000653242	0.032855481	0.010689394	0.000287820	-0.166779589	-0.002490604	-0.000175893	-0.000183909	-0.035559318	-0.048583002	0.000000000	0.000000000	0.000000000	0.000000000	0.000000000	0.000000000	0.000000000	0.000000000	0.000000000	0.000000000	0.000000000	0.000000000		O2:LHO50
0.000000000	0.000000000	0.000000000	0.000000000	0.000000000	0.000000000	0.000000000	0.000000000	0.000000000	0.000000000	0.000000000	0.000000000	0.000000000	0.000000000	0.000000000	0.000000000	0.000000000	0.000000000	0.000000000	0.000000000	0.000000000	0.000000000	0.000000000	0.000000000	0.000000000	0.000000000	0.000000000	0.000000000	0.000000000	0.000000000	0.000000000	-0.000572346	0.063687721	-0.289550024	-0.007641363	0.000963485	-0.103568882	-0.221863405	-0.000344961	-0.241024316	-0.040528995	0.000832212	-0.017374305	0.002664968	-0.000687061	-0.060282768	-0.000022474	-0.000167875	0.051200306	-0.149653993	0.420766253	0.010376657	-0.000154789	0.670289710	-0.082480746	0.000020342	0.296056827	0.003313764	0.000700538	0.000048048	-0.205572049	0.015278442	0.000000000	0.000000000	0.000000000	0.000000000	0.000000000	0.000000000	0.000000000	0.000000000	0.000000000	0.000000000	0.000000000	0.000000000		O2:LHO51
0.000000000	0.000000000	0.000000000	0.000000000	0.000000000	0.000000000	0.000000000	0.000000000	0.000000000	0.000000000	0.000000000	0.000000000	0.000000000	0.000000000	0.000000000	0.000000000	0.000000000	0.000000000	0.000000000	0.000000000	0.000000000	0.000000000	0.000000000	0.000000000	0.000000000	0.000000000	0.000000000	0.000000000	0.000000000	0.000000000	0.000000000	-0.000093756	0.000689791	0.001996521	0.000290909	-0.000051527	-0.012827997	0.005917586	0.005856396	0.005244099	0.000955311	0.160495666	0.000687673	-0.000036282	-0.063492596	0.002079350	-0.007847293	0.000004270	-0.004078586	0.003595116	0.004562657	0.968919084	0.000001005	-0.009211643	0.001448053	-0.031130639	-0.009135029	0.000000803	0.172843736	-0.000000711	0.002705237	-0.000499148	0.000000000	0.000000000	0.000000000	0.000000000	0.000000000	0.000000000	0.000000000	0.000000000	0.000000000	0.000000000	0.000000000	0.000000000		O2:LHO52
0.000000000	0.000000000	0.000000000	0.000000000	0.000000000	0.000000000	0.000000000	0.000000000	0.000000000	0.000000000	0.000000000	0.000000000	0.000000000	0.000000000	0.000000000	0.000000000	0.000000000	0.000000000	0.000000000	0.000000000	0.000000000	0.000000000	0.000000000	0.000000000	0.000000000	0.000000000	0.000000000	0.000000000	0.000000000	0.000000000	0.000000000	-0.000263193	0.000008190	-0.000141506	-0.000002725	0.000000437	-0.000065833	-0.000698903	-0.000137240	-0.000009577	0.000088303	0.000000495	-0.000002831	-0.000049348	-0.000000461	-0.000938996	0.000014769	0.039533283	0.000688389	0.000051522	-0.000024268	0.000006550	0.958250982	0.000031665	0.000494913	-0.000019713	0.000257132	-0.019184569	0.000003240	0.282514086	0.000418715	-0.002731351	0.000000000	0.000000000	0.000000000	0.000000000	0.000000000	0.000000000	0.000000000	0.000000000	0.000000000	0.000000000	0.000000000	0.000000000		O2:LHO53
0.000000000	0.000000000	0.000000000	0.000000000	0.000000000	0.000000000	0.000000000	0.000000000	0.000000000	0.000000000	0.000000000	0.000000000	0.000000000	0.000000000	0.000000000	0.000000000	0.000000000	0.000000000	0.000000000	0.000000000	0.000000000	0.000000000	0.000000000	0.000000000	0.000000000	0.000000000	0.000000000	0.000000000	0.000000000	0.000000000	0.000000000	-0.010260970	0.016245467	0.377177074	-0.028481914	0.002076134	-0.122134492	0.000002174	-0.000104311	0.597048929	-0.000039028	0.000508776	-0.076756950	-0.000000650	-0.000065032	-0.000870296	-0.000006699	-0.000000095	-0.009296165	0.000005414	-0.328522410	0.000993455	0.000000013	0.602530203	0.000003717	-0.000070679	-0.034056052	0.000000024	0.000132889	0.000000001	0.084017497	-0.000000039	0.000000000	0.000000000	0.000000000	0.000000000	0.000000000	0.000000000	0.000000000	0.000000000	0.000000000	0.000000000	0.000000000	0.000000000		O2:LHO54
0.000000000	0.000000000	0.000000000	0.000000000	0.000000000	0.000000000	0.000000000	0.000000000	0.000000000	0.000000000	0.000000000	0.000000000	0.000000000	0.000000000	0.000000000	0.000000000	0.000000000	0.000000000	0.000000000	0.000000000	0.000000000	0.000000000	0.000000000	0.000000000	0.000000000	0.000000000	0.000000000	0.000000000	0.000000000	0.000000000	0.000000000	0.000544125	0.015097382	-0.043695731	-0.001296805	0.000188569	0.007745500	-0.065190649	-0.000066156	-0.041023244	0.080994993	0.000113977	-0.003582554	-0.046720193	-0.000028526	-0.008558428	-0.000096113	-0.000053978	0.016198890	-0.058719135	-0.022781585	0.000502291	-0.000183920	0.057324861	0.973005516	-0.000116046	0.016992164	-0.000120627	-0.000315032	0.000252195	0.000773206	0.168801416	0.000000000	0.000000000	0.000000000	0.000000000	0.000000000	0.000000000	0.000000000	0.000000000	0.000000000	0.000000000	0.000000000	0.000000000		O2:LHO55
0.000000000	0.000000000	0.000000000	0.000000000	0.000000000	0.000000000	0.000000000	0.000000000	0.000000000	0.000000000	0.000000000	0.000000000	0.000000000	0.000000000	0.000000000	0.000000000	0.000000000	0.000000000	0.000000000	0.000000000	0.000000000	0.000000000	0.000000000	0.000000000	0.000000000	0.000000000	0.000000000	0.000000000	0.000000000	0.000000000	0.000000000	-0.001147664	-0.001912141	-0.004301488	0.001163885	-0.000219192	-0.070784054	0.001295528	-0.044870219	0.014626941	0.000454817	-0.162867932	0.002273352	-0.000133050	0.003749586	0.002967381	0.404106329	0.000000837	-0.004125366	0.000789194	0.018487499	-0.040479080	0.000003082	-0.015535175	0.002897457	0.726168470	-0.005153688	-0.000104481	0.522760584	0.000000391	-0.002409884	0.000504951	0.000000000	0.000000000	0.000000000	0.000000000	0.000000000	0.000000000	0.000000000	0.000000000	0.000000000	0.000000000	0.000000000	0.000000000		O2:LHO56
0.000000000	0.000000000	0.000000000	0.000000000	0.000000000	0.000000000	0.000000000	0.000000000	0.000000000	0.000000000	0.000000000	0.000000000	0.000000000	0.000000000	0.000000000	0.000000000	0.000000000	0.000000000	0.000000000	0.000000000	0.000000000	0.000000000	0.000000000	0.000000000	0.000000000	0.000000000	0.000000000	0.000000000	0.000000000	0.000000000	0.000000000	-0.017098263	-0.028759150	0.088398864	0.005460979	-0.000733988	-0.031706045	0.004873494	0.000100840	0.119966627	0.034081354	0.001301370	0.011574173	-0.000275652	-0.000261413	0.225806583	-0.001736283	-0.000038784	-0.038278673	0.232954441	-0.041544547	0.003378501	-0.000078638	-0.169478134	0.020843247	-0.001615057	0.903989782	0.001220745	0.001044336	-0.000075526	0.137910761	-0.021819069	0.000000000	0.000000000	0.000000000	0.000000000	0.000000000	0.000000000	0.000000000	0.000000000	0.000000000	0.000000000	0.000000000	0.000000000		O2:LHO57
0.000000000	0.000000000	0.000000000	0.000000000	0.000000000	0.000000000	0.000000000	0.000000000	0.000000000	0.000000000	0.000000000	0.000000000	0.000000000	0.000000000	0.000000000	0.000000000	0.000000000	0.000000000	0.000000000	0.000000000	0.000000000	0.000000000	0.000000000	0.000000000	0.000000000	0.000000000	0.000000000	0.000000000	0.000000000	0.000000000	0.000000000	-0.000458044	0.000299464	0.002492686	0.000048639	-0.000006664	0.000713149	0.004921276	-0.000445515	0.002219355	0.001572944	-0.000017855	0.000182272	0.000647978	0.000005917	-0.004430906	0.000034900	0.000703231	-0.003902212	0.007830110	0.002453655	-0.000094897	0.020317694	-0.002164166	-0.004499042	-0.000036724	-0.002094456	0.999151092	0.000007234	-0.000823320	-0.002067078	0.033287134	0.000000000	0.000000000	0.000000000	0.000000000	0.000000000	0.000000000	0.000000000	0.000000000	0.000000000	0.000000000	0.000000000	0.000000000		O2:LHO58
0.000000000	0.000000000	0.000000000	0.000000000	0.000000000	0.000000000	0.000000000	0.000000000	0.000000000	0.000000000	0.000000000	0.000000000	0.000000000	0.000000000	0.000000000	0.000000000	0.000000000	0.000000000	0.000000000	0.000000000	0.000000000	0.000000000	0.000000000	0.000000000	0.000000000	0.000000000	0.000000000	0.000000000	0.000000000	0.000000000	0.000000000	-0.000963976	-0.001454199	-0.004532288	0.000968250	-0.000184338	-0.061034132	0.000630043	0.040426083	0.011354511	0.000287416	0.046052704	0.001868333	-0.000106887	-0.001697863	0.002122469	-0.314703380	0.000000318	-0.002944636	0.000270075	0.015286396	-0.172749806	0.000002524	-0.012051170	0.002270380	-0.423763719	-0.006826315	-0.000077480	0.826707798	0.000000589	-0.003612419	0.000470450	0.000000000	0.000000000	0.000000000	0.000000000	0.000000000	0.000000000	0.000000000	0.000000000	0.000000000	0.000000000	0.000000000	0.000000000		O2:LHO59
0.000000000	0.000000000	0.000000000	0.000000000	0.000000000	0.000000000	0.000000000	0.000000000	0.000000000	0.000000000	0.000000000	0.000000000	0.000000000	0.000000000	0.000000000	0.000000000	0.000000000	0.000000000	0.000000000	0.000000000	0.000000000	0.000000000	0.000000000	0.000000000	0.000000000	0.000000000	0.000000000	0.000000000	0.000000000	0.000000000	0.000000000	-0.004259583	0.005795241	-0.017802491	-0.000885572	0.000196910	-0.012530223	-0.012045383	0.001338639	-0.014170893	-0.002097680	0.000487321	-0.002508336	0.000371089	-0.000050187	0.619652911	-0.000845525	-0.000239300	0.771880373	-0.004219105	0.022187975	0.000813880	0.000179341	0.032008439	-0.009037497	0.001064222	-0.119295640	0.005774338	0.000008328	-0.000010045	0.058838134	0.000251733	0.000000000	0.000000000	0.000000000	0.000000000	0.000000000	0.000000000	0.000000000	0.000000000	0.000000000	0.000000000	0.000000000	0.000000000		O2:LHO60
0.000000000	0.000000000	0.000000000	0.000000000	0.000000000	0.000000000	0.000000000	0.000000000	0.000000000	0.000000000	0.000000000	0.000000000	0.000000000	0.000000000	0.000000000	0.000000000	0.000000000	0.000000000	0.000000000	0.000000000	0.000000000	0.000000000	0.000000000	0.000000000	0.000000000	0.000000000	0.000000000	0.000000000	0.000000000	0.000000000	0.000000000	0.002333709	0.034998341	-0.147858186	-0.003902989	0.000470387	0.010270002	-0.018046434	0.001195406	-0.086530643	0.000831273	-0.001377295	-0.007751305	0.000343059	0.000224931	0.178889970	-0.000266442	0.000000658	-0.249160037	0.018902999	0.192023977	-0.003567961	-0.000002386	0.147366898	-0.007927524	-0.000332459	-0.132121848	0.001690370	0.000317278	0.000012774	0.893501218	-0.000038641	0.000000000	0.000000000	0.000000000	0.000000000	0.000000000	0.000000000	0.000000000	0.000000000	0.000000000	0.000000000	0.000000000	0.000000000		O2:LHO61
0.000000000	0.000000000	0.000000000	0.000000000	0.000000000	0.000000000	0.000000000	0.000000000	0.000000000	0.000000000	0.000000000	0.000000000	0.000000000	0.000000000	0.000000000	0.000000000	0.000000000	0.000000000	0.000000000	0.000000000	0.000000000	0.000000000	0.000000000	0.000000000	0.000000000	0.000000000	0.000000000	0.000000000	0.000000000	0.000000000	0.000000000	-0.000112882	-0.005575085	-0.001793775	-0.000033230	0.000004312	-0.000534878	0.048438740	-0.000002007	-0.003018585	-0.000967832	0.000014588	-0.000244131	-0.003630128	-0.000009940	0.000158369	-0.000000830	0.000083175	-0.000178984	0.095746247	-0.009732779	0.000165111	0.001932920	-0.001029574	-0.161468635	-0.000003783	0.002259250	-0.034371979	0.000009905	0.000958360	-0.000222169	0.980341379	0.000000000	0.000000000	0.000000000	0.000000000	0.000000000	0.000000000	0.000000000	0.000000000	0.000000000	0.000000000	0.000000000	0.000000000		O2:LHO62
0.000000000	0.000000000	0.000000000	0.000000000	0.000000000	0.000000000	0.000000000	0.000000000	0.000000000	0.000000000	0.000000000	0.000000000	0.000000000	0.000000000	0.000000000	0.000000000	0.000000000	0.000000000	0.000000000	0.000000000	0.000000000	0.000000000	0.000000000	0.000000000	0.000000000	0.000000000	0.000000000	0.000000000	0.000000000	0.000000000	0.000000000	0.000000000	0.000000000	0.000000000	0.000000000	0.000000000	0.000000000	0.000000000	0.000000000	0.000000000	0.000000000	0.000000000	0.000000000	0.000000000	0.000000000	0.000000000	0.000000000	0.000000000	0.000000000	0.000000000	0.000000000	0.000000000	0.000000000	0.000000000	0.000000000	0.000000000	0.000000000	0.000000000	0.000000000	0.000000000	0.000000000	0.000000000	0.879569355	0.047059483	0.007105702	0.471556865	0.041552709	0.000399116	0.000000000	0.000000000	0.000000000	0.000000000	0.000000000	0.000000000		H3:LHO63
0.000000000	0.000000000	0.000000000	0.000000000	0.000000000	0.000000000	0.000000000	0.000000000	0.000000000	0.000000000	0.000000000	0.000000000	0.000000000	0.000000000	0.000000000	0.000000000	0.000000000	0.000000000	0.000000000	0.000000000	0.000000000	0.000000000	0.000000000	0.000000000	0.000000000	0.000000000	0.000000000	0.000000000	0.000000000	0.000000000	0.000000000	0.000000000	0.000000000	0.000000000	0.000000000	0.000000000	0.000000000	0.000000000	0.000000000	0.000000000	0.000000000	0.000000000	0.000000000	0.000000000	0.000000000	0.000000000	0.000000000	0.000000000	0.000000000	0.000000000	0.000000000	0.000000000	0.000000000	0.000000000	0.000000000	0.000000000	0.000000000	0.000000000	0.000000000	0.000000000	0.000000000	0.000000000	-0.001324275	0.980204361	-0.006634920	-0.109758190	0.164641323	-0.000095437	0.000000000	0.000000000	0.000000000	0.000000000	0.000000000	0.000000000		H3:LHO64
0.000000000	0.000000000	0.000000000	0.000000000	0.000000000	0.000000000	0.000000000	0.000000000	0.000000000	0.000000000	0.000000000	0.000000000	0.000000000	0.000000000	0.000000000	0.000000000	0.000000000	0.000000000	0.000000000	0.000000000	0.000000000	0.000000000	0.000000000	0.000000000	0.000000000	0.000000000	0.000000000	0.000000000	0.000000000	0.000000000	0.000000000	0.000000000	0.000000000	0.000000000	0.000000000	0.000000000	0.000000000	0.000000000	0.000000000	0.000000000	0.000000000	0.000000000	0.000000000	0.000000000	0.000000000	0.000000000	0.000000000	0.000000000	0.000000000	0.000000000	0.000000000	0.000000000	0.000000000	0.000000000	0.000000000	0.000000000	0.000000000	0.000000000	0.000000000	0.000000000	0.000000000	0.000000000	-0.000375948	0.009458864	0.999561931	-0.013120918	-0.024782564	-0.000010998	0.000000000	0.000000000	0.000000000	0.000000000	0.000000000	0.000000000		H3:LHO65
0.000000000	0.000000000	0.000000000	0.000000000	0.000000000	0.000000000	0.000000000	0.000000000	0.000000000	0.000000000	0.000000000	0.000000000	0.000000000	0.000000000	0.000000000	0.000000000	0.000000000	0.000000000	0.000000000	0.000000000	0.000000000	0.000000000	0.000000000	0.000000000	0.000000000	0.000000000	0.000000000	0.000000000	0.000000000	0.000000000	0.000000000	0.000000000	0.000000000	0.000000000	0.000000000	0.000000000	0.000000000	0.000000000	0.000000000	0.000000000	0.000000000	0.000000000	0.000000000	0.000000000	0.000000000	0.000000000	0.000000000	0.000000000	0.000000000	0.000000000	0.000000000	0.000000000	0.000000000	0.000000000	0.000000000	0.000000000	0.000000000	0.000000000	0.000000000	0.000000000	0.000000000	0.000000000	-0.036758387	0.178606182	-0.024040315	0.136872370	-0.973363579	0.000116300	0.000000000	0.000000000	0.000000000	0.000000000	0.000000000	0.000000000		H3:LHO66
0.000000000	0.000000000	0.000000000	0.000000000	0.000000000	0.000000000	0.000000000	0.000000000	0.000000000	0.000000000	0.000000000	0.000000000	0.000000000	0.000000000	0.000000000	0.000000000	0.000000000	0.000000000	0.000000000	0.000000000	0.000000000	0.000000000	0.000000000	0.000000000	0.000000000	0.000000000	0.000000000	0.000000000	0.000000000	0.000000000	0.000000000	0.000000000	0.000000000	0.000000000	0.000000000	0.000000000	0.000000000	0.000000000	0.000000000	0.000000000	0.000000000	0.000000000	0.000000000	0.000000000	0.000000000	0.000000000	0.000000000	0.000000000	0.000000000	0.000000000	0.000000000	0.000000000	0.000000000	0.000000000	0.000000000	0.000000000	0.000000000	0.000000000	0.000000000	0.000000000	0.000000000	0.000000000	-0.474346577	0.070676568	0.014265190	0.864106671	0.152038728	0.000733141	0.000000000	0.000000000	0.000000000	0.000000000	0.000000000	0.000000000		H3:LHO67
0.000000000	0.000000000	0.000000000	0.000000000	0.000000000	0.000000000	0.000000000	0.000000000	0.000000000	0.000000000	0.000000000	0.000000000	0.000000000	0.000000000	0.000000000	0.000000000	0.000000000	0.000000000	0.000000000	0.000000000	0.000000000	0.000000000	0.000000000	0.000000000	0.000000000	0.000000000	0.000000000	0.000000000	0.000000000	0.000000000	0.000000000	0.000000000	0.000000000	0.000000000	0.000000000	0.000000000	0.000000000	0.000000000	0.000000000	0.000000000	0.000000000	0.000000000	0.000000000	0.000000000	0.000000000	0.000000000	0.000000000	0.000000000	0.000000000	0.000000000	0.000000000	0.000000000	0.000000000	0.000000000	0.000000000	0.000000000	0.000000000	0.000000000	0.000000000	0.000000000	0.000000000	0.000000000	0.000000857	0.000002282	-0.000000138	-0.000848255	0.000000593	0.999999640	0.000000000	0.000000000	0.000000000	0.000000000	0.000000000	0.000000000		H3:LHO68
0.000000000	0.000000000	0.000000000	0.000000000	0.000000000	0.000000000	0.000000000	0.000000000	0.000000000	0.000000000	0.000000000	0.000000000	0.000000000	0.000000000	0.000000000	0.000000000	0.000000000	0.000000000	0.000000000	0.000000000	0.000000000	0.000000000	0.000000000	0.000000000	0.000000000	0.000000000	0.000000000	0.000000000	0.000000000	0.000000000	0.000000000	0.000000000	0.000000000	0.000000000	0.000000000	0.000000000	0.000000000	0.000000000	0.000000000	0.000000000	0.000000000	0.000000000	0.000000000	0.000000000	0.000000000	0.000000000	0.000000000	0.000000000	0.000000000	0.000000000	0.000000000	0.000000000	0.000000000	0.000000000	0.000000000	0.000000000	0.000000000	0.000000000	0.000000000	0.000000000	0.000000000	0.000000000	0.000000000	0.000000000	0.000000000	0.000000000	0.000000000	0.000000000	0.988048145	-0.001374918	0.004344086	0.120665088	-0.095812459	0.000100617		H4:LHO69
0.000000000	0.000000000	0.000000000	0.000000000	0.000000000	0.000000000	0.000000000	0.000000000	0.000000000	0.000000000	0.000000000	0.000000000	0.000000000	0.000000000	0.000000000	0.000000000	0.000000000	0.000000000	0.000000000	0.000000000	0.000000000	0.000000000	0.000000000	0.000000000	0.000000000	0.000000000	0.000000000	0.000000000	0.000000000	0.000000000	0.000000000	0.000000000	0.000000000	0.000000000	0.000000000	0.000000000	0.000000000	0.000000000	0.000000000	0.000000000	0.000000000	0.000000000	0.000000000	0.000000000	0.000000000	0.000000000	0.000000000	0.000000000	0.000000000	0.000000000	0.000000000	0.000000000	0.000000000	0.000000000	0.000000000	0.000000000	0.000000000	0.000000000	0.000000000	0.000000000	0.000000000	0.000000000	0.000000000	0.000000000	0.000000000	0.000000000	0.000000000	0.000000000	-0.001174595	0.980212050	-0.006634335	-0.109700402	-0.164635220	-0.000095392		H4:LHO70
0.000000000	0.000000000	0.000000000	0.000000000	0.000000000	0.000000000	0.000000000	0.000000000	0.000000000	0.000000000	0.000000000	0.000000000	0.000000000	0.000000000	0.000000000	0.000000000	0.000000000	0.000000000	0.000000000	0.000000000	0.000000000	0.000000000	0.000000000	0.000000000	0.000000000	0.000000000	0.000000000	0.000000000	0.000000000	0.000000000	0.000000000	0.000000000	0.000000000	0.000000000	0.000000000	0.000000000	0.000000000	0.000000000	0.000000000	0.000000000	0.000000000	0.000000000	0.000000000	0.000000000	0.000000000	0.000000000	0.000000000	0.000000000	0.000000000	0.000000000	0.000000000	0.000000000	0.000000000	0.000000000	0.000000000	0.000000000	0.000000000	0.000000000	0.000000000	0.000000000	0.000000000	0.000000000	0.000000000	0.000000000	0.000000000	0.000000000	0.000000000	0.000000000	-0.000375956	0.009458871	0.999561931	-0.013120916	0.024782566	-0.000010998		H4:LHO71
0.000000000	0.000000000	0.000000000	0.000000000	0.000000000	0.000000000	0.000000000	0.000000000	0.000000000	0.000000000	0.000000000	0.000000000	0.000000000	0.000000000	0.000000000	0.000000000	0.000000000	0.000000000	0.000000000	0.000000000	0.000000000	0.000000000	0.000000000	0.000000000	0.000000000	0.000000000	0.000000000	0.000000000	0.000000000	0.000000000	0.000000000	0.000000000	0.000000000	0.000000000	0.000000000	0.000000000	0.000000000	0.000000000	0.000000000	0.000000000	0.000000000	0.000000000	0.000000000	0.000000000	0.000000000	0.000000000	0.000000000	0.000000000	0.000000000	0.000000000	0.000000000	0.000000000	0.000000000	0.000000000	0.000000000	0.000000000	0.000000000	0.000000000	0.000000000	0.000000000	0.000000000	0.000000000	0.000000000	0.000000000	0.000000000	0.000000000	0.000000000	0.000000000	0.081133259	0.176123513	-0.024319801	0.112151204	0.974283608	0.000092219		H4:LHO72
0.000000000	0.000000000	0.000000000	0.000000000	0.000000000	0.000000000	0.000000000	0.000000000	0.000000000	0.000000000	0.000000000	0.000000000	0.000000000	0.000000000	0.000000000	0.000000000	0.000000000	0.000000000	0.000000000	0.000000000	0.000000000	0.000000000	0.000000000	0.000000000	0.000000000	0.000000000	0.000000000	0.000000000	0.000000000	0.000000000	0.000000000	0.000000000	0.000000000	0.000000000	0.000000000	0.000000000	0.000000000	0.000000000	0.000000000	0.000000000	0.000000000	0.000000000	0.000000000	0.000000000	0.000000000	0.000000000	0.000000000	0.000000000	0.000000000	0.000000000	0.000000000	0.000000000	0.000000000	0.000000000	0.000000000	0.000000000	0.000000000	0.000000000	0.000000000	0.000000000	0.000000000	0.000000000	0.000000000	0.000000000	0.000000000	0.000000000	0.000000000	0.000000000	0.131060046	-0.089852571	-0.014886487	-0.980130088	0.117781548	-0.000830467		H4:LHO73
0.000000000	0.000000000	0.000000000	0.000000000	0.000000000	0.000000000	0.000000000	0.000000000	0.000000000	0.000000000	0.000000000	0.000000000	0.000000000	0.000000000	0.000000000	0.000000000	0.000000000	0.000000000	0.000000000	0.000000000	0.000000000	0.000000000	0.000000000	0.000000000	0.000000000	0.000000000	0.000000000	0.000000000	0.000000000	0.000000000	0.000000000	0.000000000	0.000000000	0.000000000	0.000000000	0.000000000	0.000000000	0.000000000	0.000000000	0.000000000	0.000000000	0.000000000	0.000000000	0.000000000	0.000000000	0.000000000	0.000000000	0.000000000	0.000000000	0.000000000	0.000000000	0.000000000	0.000000000	0.000000000	0.000000000	0.000000000	0.000000000	0.000000000	0.000000000	0.000000000	0.000000000	0.000000000	0.000000000	0.000000000	0.000000000	0.000000000	0.000000000	0.000000000	0.000001828	0.000002886	-0.000000196	-0.000847059	0.000002175	0.999999641		H4:LHO74