AHOs in NAO basis
74	74
A1*: R1*s(0)	A1*: R2*s(0)	A1*: R3*s(0)	A1: R4*s(0)	A1: R5*s(0)	A1*: R6*p(0)	A1*: R6*p(1)	A1*: R6*p(-1)	A1*: R7*p(0)	A1*: R7*p(1)	A1*: R7*p(-1)	A1: R8*p(0)	A1: R8*p(1)	A1: R8*p(-1)	A1*: R9*d(0)	A1*: R9*d(1)	A1*: R9*d(-1)	A1*: R9*d(2)	A1*: R9*d(-2)	A1*: R10*d(0)	A1*: R10*d(1)	A1*: R10*d(-1)	A1*: R10*d(2)	A1*: R10*d(-2)	A1*: R11*f(0)	A1*: R11*f(1)	A1*: R11*f(-1)	A1*: R11*f(2)	A1*: R11*f(-2)	A1*: R11*f(3)	A1*: R11*f(-3)	A2*: R12*s(0)	A2*: R13*s(0)	A2*: R14*s(0)	A2: R15*s(0)	A2: R16*s(0)	A2*: R17*p(0)	A2*: R17*p(1)	A2*: R17*p(-1)	A2*: R18*p(0)	A2*: R18*p(1)	A2*: R18*p(-1)	A2: R19*p(0)	A2: R19*p(1)	A2: R19*p(-1)	A2*: R20*d(0)	A2*: R20*d(1)	A2*: R20*d(-1)	A2*: R20*d(2)	A2*: R20*d(-2)	A2*: R21*d(0)	A2*: R21*d(1)	A2*: R21*d(-1)	A2*: R21*d(2)	A2*: R21*d(-2)	A2*: R22*f(0)	A2*: R22*f(1)	A2*: R22*f(-1)	A2*: R22*f(2)	A2*: R22*f(-2)	A2*: R22*f(3)	A2*: R22*f(-3)	A3*: R23*s(0)	A3*: R24*s(0)	A3: R25*s(0)	A3*: R26*p(0)	A3*: R26*p(1)	A3*: R26*p(-1)	A4*: R27*s(0)	A4*: R28*s(0)	A4: R29*s(0)	A4*: R30*p(0)	A4*: R30*p(1)	A4*: R30*p(-1)	

0.069873834	-0.909882940	0.001449574	-0.000010165	0.000016425	0.039554188	0.058402212	0.000175851	0.003690202	0.026229607	0.000096971	0.002495207	0.000597309	0.000001909	0.102221545	-0.000921153	0.000485919	0.007309239	0.053643509	0.108587506	-0.000154434	0.005581914	-0.175103175	0.008663615	-0.000254051	0.294901833	0.015976286	-0.000050120	0.000201639	-0.035799773	-0.130770579	0.000000000	0.000000000	0.000000000	0.000000000	0.000000000	0.000000000	0.000000000	0.000000000	0.000000000	0.000000000	0.000000000	0.000000000	0.000000000	0.000000000	0.000000000	0.000000000	0.000000000	0.000000000	0.000000000	0.000000000	0.000000000	0.000000000	0.000000000	0.000000000	0.000000000	0.000000000	0.000000000	0.000000000	0.000000000	0.000000000	0.000000000	0.000000000	0.000000000	0.000000000	0.000000000	0.000000000	0.000000000	0.000000000	0.000000000	0.000000000	0.000000000	0.000000000	0.000000000		
-0.171379302	-0.282939152	-0.149293838	-0.012749491	0.000688039	0.119358959	0.048909656	-0.006397799	0.107965829	-0.178402714	0.000945107	-0.000961492	-0.006086725	0.000775203	-0.582386689	0.001016273	0.000036346	-0.120316525	-0.085081956	-0.496743059	0.022763996	-0.001153406	0.098687644	-0.016078786	-0.002387080	-0.303274772	-0.119341018	-0.000779886	0.000806004	-0.195418134	0.212944350	0.000000000	0.000000000	0.000000000	0.000000000	0.000000000	0.000000000	0.000000000	0.000000000	0.000000000	0.000000000	0.000000000	0.000000000	0.000000000	0.000000000	0.000000000	0.000000000	0.000000000	0.000000000	0.000000000	0.000000000	0.000000000	0.000000000	0.000000000	0.000000000	0.000000000	0.000000000	0.000000000	0.000000000	0.000000000	0.000000000	0.000000000	0.000000000	0.000000000	0.000000000	0.000000000	0.000000000	0.000000000	0.000000000	0.000000000	0.000000000	0.000000000	0.000000000	0.000000000		
0.230863135	-0.005906433	0.495044279	-0.008377609	0.001693829	-0.359961352	0.005658594	-0.001066166	-0.431761227	-0.098101761	-0.001060393	-0.035079436	-0.003431792	0.000025965	-0.305634072	-0.000465818	0.000124532	-0.033949172	0.014974386	0.011801683	0.001870623	0.001848727	-0.487326782	0.002311581	-0.000464983	-0.175406199	-0.074916914	0.000208218	0.000264043	0.067429485	0.035774979	0.000000000	0.000000000	0.000000000	0.000000000	0.000000000	0.000000000	0.000000000	0.000000000	0.000000000	0.000000000	0.000000000	0.000000000	0.000000000	0.000000000	0.000000000	0.000000000	0.000000000	0.000000000	0.000000000	0.000000000	0.000000000	0.000000000	0.000000000	0.000000000	0.000000000	0.000000000	0.000000000	0.000000000	0.000000000	0.000000000	0.000000000	0.000000000	0.000000000	0.000000000	0.000000000	0.000000000	0.000000000	0.000000000	0.000000000	0.000000000	0.000000000	0.000000000	0.000000000		
0.000005934	0.000455986	0.028535979	0.574560603	0.001883346	0.006538037	-0.006652230	0.000005370	0.000287026	0.015067796	0.000000177	0.410448396	-0.705986548	0.000346588	-0.002520741	0.000003973	-0.000003663	0.000375267	-0.004297542	-0.015003471	0.000010384	-0.000029199	-0.013566377	-0.034667080	-0.000012243	-0.005949717	0.007138984	-0.000002439	-0.000016147	-0.010008241	-0.006362018	0.000000000	0.000000000	0.000000000	0.000000000	0.000000000	0.000000000	0.000000000	0.000000000	0.000000000	0.000000000	0.000000000	0.000000000	0.000000000	0.000000000	0.000000000	0.000000000	0.000000000	0.000000000	0.000000000	0.000000000	0.000000000	0.000000000	0.000000000	0.000000000	0.000000000	0.000000000	0.000000000	0.000000000	0.000000000	0.000000000	0.000000000	0.000000000	0.000000000	0.000000000	0.000000000	0.000000000	0.000000000	0.000000000	0.000000000	0.000000000	0.000000000	0.000000000	0.000000000		
-0.000000031	-0.000002618	-0.000099631	-0.000938020	0.999985926	-0.000774430	0.000000001	-0.000000639	0.003528330	-0.000000000	0.000002981	-0.003149117	0.000000027	-0.000002478	0.000212660	0.000000244	0.000000000	0.000650849	-0.000000000	0.001292253	-0.000001038	0.000000000	0.000998284	0.000000001	0.000000362	0.000178911	-0.000000000	0.000000863	-0.000000000	0.001060823	0.000000000	0.000000000	0.000000000	0.000000000	0.000000000	0.000000000	0.000000000	0.000000000	0.000000000	0.000000000	0.000000000	0.000000000	0.000000000	0.000000000	0.000000000	0.000000000	0.000000000	0.000000000	0.000000000	0.000000000	0.000000000	0.000000000	0.000000000	0.000000000	0.000000000	0.000000000	0.000000000	0.000000000	0.000000000	0.000000000	0.000000000	0.000000000	0.000000000	0.000000000	0.000000000	0.000000000	0.000000000	0.000000000	0.000000000	0.000000000	0.000000000	0.000000000	0.000000000	0.000000000		
0.438501551	0.071191614	-0.151494924	-0.000376333	0.000083971	0.465095448	-0.027326939	0.005563947	0.123350296	-0.076121578	-0.003238833	-0.016216367	-0.002519192	-0.000628153	-0.009992766	-0.001668241	-0.000066884	0.556028604	0.049258703	0.030320602	-0.015935967	0.001074927	-0.357445187	0.010927183	0.001488455	-0.218893962	-0.068018592	0.001154528	-0.000368184	-0.215190435	-0.041307477	0.000000000	0.000000000	0.000000000	0.000000000	0.000000000	0.000000000	0.000000000	0.000000000	0.000000000	0.000000000	0.000000000	0.000000000	0.000000000	0.000000000	0.000000000	0.000000000	0.000000000	0.000000000	0.000000000	0.000000000	0.000000000	0.000000000	0.000000000	0.000000000	0.000000000	0.000000000	0.000000000	0.000000000	0.000000000	0.000000000	0.000000000	0.000000000	0.000000000	0.000000000	0.000000000	0.000000000	0.000000000	0.000000000	0.000000000	0.000000000	0.000000000	0.000000000	0.000000000		
0.023603833	0.075902282	-0.002173547	0.000006535	-0.000011646	0.002417040	0.994801180	-0.009602809	0.004887732	0.000455708	0.014053084	-0.000269574	-0.007253577	-0.000112262	0.032791561	-0.000299469	-0.000011470	0.009382112	0.013881228	-0.003135116	-0.007092383	0.000072214	-0.010731696	-0.042613426	0.000504148	0.005689337	-0.004315699	-0.000622455	-0.000071045	-0.003748446	-0.016194400	0.000000000	0.000000000	0.000000000	0.000000000	0.000000000	0.000000000	0.000000000	0.000000000	0.000000000	0.000000000	0.000000000	0.000000000	0.000000000	0.000000000	0.000000000	0.000000000	0.000000000	0.000000000	0.000000000	0.000000000	0.000000000	0.000000000	0.000000000	0.000000000	0.000000000	0.000000000	0.000000000	0.000000000	0.000000000	0.000000000	0.000000000	0.000000000	0.000000000	0.000000000	0.000000000	0.000000000	0.000000000	0.000000000	0.000000000	0.000000000	0.000000000	0.000000000	0.000000000		
0.010913290	0.000465649	-0.001741138	0.000383693	-0.000027407	0.001292511	0.014505239	0.530363451	0.000685321	0.007202753	-0.356407979	0.000119151	0.000073452	0.026249971	0.007466997	0.121770258	-0.000016991	0.002573416	0.003653046	0.013129875	0.663937720	0.000009586	0.003645349	0.000222808	-0.363564276	-0.013829000	0.000785272	-0.046977630	-0.000053958	0.007029018	-0.009059151	0.000000000	0.000000000	0.000000000	0.000000000	0.000000000	0.000000000	0.000000000	0.000000000	0.000000000	0.000000000	0.000000000	0.000000000	0.000000000	0.000000000	0.000000000	0.000000000	0.000000000	0.000000000	0.000000000	0.000000000	0.000000000	0.000000000	0.000000000	0.000000000	0.000000000	0.000000000	0.000000000	0.000000000	0.000000000	0.000000000	0.000000000	0.000000000	0.000000000	0.000000000	0.000000000	0.000000000	0.000000000	0.000000000	0.000000000	0.000000000	0.000000000	0.000000000	0.000000000		
-0.000343764	-0.020872330	0.643855227	0.051451462	-0.003012172	-0.025368490	-0.000000120	-0.000022177	0.747869212	0.000000161	0.000633587	-0.115547705	0.000000018	-0.000098228	-0.013866957	0.000072487	-0.000000004	0.061114251	-0.000000340	-0.013630099	0.000054606	-0.000000004	0.040576271	-0.000000189	-0.000071682	-0.034483597	0.000000044	0.000093827	-0.000000001	0.045892781	-0.000000042	0.000000000	0.000000000	0.000000000	0.000000000	0.000000000	0.000000000	0.000000000	0.000000000	0.000000000	0.000000000	0.000000000	0.000000000	0.000000000	0.000000000	0.000000000	0.000000000	0.000000000	0.000000000	0.000000000	0.000000000	0.000000000	0.000000000	0.000000000	0.000000000	0.000000000	0.000000000	0.000000000	0.000000000	0.000000000	0.000000000	0.000000000	0.000000000	0.000000000	0.000000000	0.000000000	0.000000000	0.000000000	0.000000000	0.000000000	0.000000000	0.000000000	0.000000000	0.000000000		
0.300093929	0.005156631	-0.068034886	0.015810604	-0.000959882	0.034010766	0.019683138	-0.002958566	0.052642385	0.185293673	0.004114258	0.007842157	0.008924974	0.000115509	-0.528040672	-0.001800454	0.000009271	0.020864768	-0.373430746	0.479496256	0.001438554	0.000115228	0.204038884	-0.057179763	-0.000569112	0.223681186	0.233075186	0.000798422	0.004455194	0.064668124	0.253229441	0.000000000	0.000000000	0.000000000	0.000000000	0.000000000	0.000000000	0.000000000	0.000000000	0.000000000	0.000000000	0.000000000	0.000000000	0.000000000	0.000000000	0.000000000	0.000000000	0.000000000	0.000000000	0.000000000	0.000000000	0.000000000	0.000000000	0.000000000	0.000000000	0.000000000	0.000000000	0.000000000	0.000000000	0.000000000	0.000000000	0.000000000	0.000000000	0.000000000	0.000000000	0.000000000	0.000000000	0.000000000	0.000000000	0.000000000	0.000000000	0.000000000	0.000000000	0.000000000		
-0.000091382	0.000492257	0.000103340	-0.000047695	0.000003335	-0.000358802	0.001725505	0.051921347	0.000233428	-0.001282209	-0.046349695	-0.000012845	-0.000040326	0.000703982	-0.000887905	0.475543368	0.000023642	-0.001188783	-0.000595031	-0.001314340	-0.000982826	-0.000012819	-0.000862539	-0.000207654	0.167216340	0.003767938	-0.000033267	0.860825674	0.000025481	-0.002271512	0.001130104	0.000000000	0.000000000	0.000000000	0.000000000	0.000000000	0.000000000	0.000000000	0.000000000	0.000000000	0.000000000	0.000000000	0.000000000	0.000000000	0.000000000	0.000000000	0.000000000	0.000000000	0.000000000	0.000000000	0.000000000	0.000000000	0.000000000	0.000000000	0.000000000	0.000000000	0.000000000	0.000000000	0.000000000	0.000000000	0.000000000	0.000000000	0.000000000	0.000000000	0.000000000	0.000000000	0.000000000	0.000000000	0.000000000	0.000000000	0.000000000	0.000000000	0.000000000	0.000000000		
0.000017500	0.001751963	0.092533579	-0.579594786	0.001690699	-0.000031906	-0.000000005	-0.000000261	0.082231134	0.000000006	0.000069444	0.804701780	-0.000000009	0.000689544	-0.010730667	0.000033920	0.000000000	0.021357547	-0.000000013	0.006385963	-0.000023072	0.000000000	-0.015813048	-0.000000009	-0.000019979	-0.009575696	0.000000001	0.000028924	0.000000000	0.015500813	-0.000000001	0.000000000	0.000000000	0.000000000	0.000000000	0.000000000	0.000000000	0.000000000	0.000000000	0.000000000	0.000000000	0.000000000	0.000000000	0.000000000	0.000000000	0.000000000	0.000000000	0.000000000	0.000000000	0.000000000	0.000000000	0.000000000	0.000000000	0.000000000	0.000000000	0.000000000	0.000000000	0.000000000	0.000000000	0.000000000	0.000000000	0.000000000	0.000000000	0.000000000	0.000000000	0.000000000	0.000000000	0.000000000	0.000000000	0.000000000	0.000000000	0.000000000	0.000000000	0.000000000		
0.000005941	0.000455989	0.028535980	0.574560610	0.001883307	0.006538027	0.006652217	0.000005370	0.000287024	-0.015067800	0.000000178	0.410448419	0.705986530	0.000346587	-0.002520727	0.000003970	0.000003663	0.000375277	0.004297531	-0.015003457	0.000010381	0.000029199	-0.013566374	0.034667073	-0.000012244	-0.005949719	-0.007138983	-0.000002438	0.000016147	-0.010008241	0.006362019	0.000000000	0.000000000	0.000000000	0.000000000	0.000000000	0.000000000	0.000000000	0.000000000	0.000000000	0.000000000	0.000000000	0.000000000	0.000000000	0.000000000	0.000000000	0.000000000	0.000000000	0.000000000	0.000000000	0.000000000	0.000000000	0.000000000	0.000000000	0.000000000	0.000000000	0.000000000	0.000000000	0.000000000	0.000000000	0.000000000	0.000000000	0.000000000	0.000000000	0.000000000	0.000000000	0.000000000	0.000000000	0.000000000	0.000000000	0.000000000	0.000000000	0.000000000	0.000000000		
0.000000081	0.000000015	-0.000000442	0.000005846	-0.000000199	0.000019689	0.000000000	-0.023306717	0.000023834	-0.000000000	-0.028623866	-0.000851215	0.000000000	0.998369749	-0.000003513	-0.002378164	-0.000000002	0.000001899	-0.000000000	-0.000061581	-0.041857543	-0.000000005	0.000035617	-0.000000001	-0.011421902	0.000027044	-0.000000000	0.002532588	0.000000001	-0.000002754	0.000000001	0.000000000	0.000000000	0.000000000	0.000000000	0.000000000	0.000000000	0.000000000	0.000000000	0.000000000	0.000000000	0.000000000	0.000000000	0.000000000	0.000000000	0.000000000	0.000000000	0.000000000	0.000000000	0.000000000	0.000000000	0.000000000	0.000000000	0.000000000	0.000000000	0.000000000	0.000000000	0.000000000	0.000000000	0.000000000	0.000000000	0.000000000	0.000000000	0.000000000	0.000000000	0.000000000	0.000000000	0.000000000	0.000000000	0.000000000	0.000000000	0.000000000	0.000000000	0.000000000		
0.050224853	0.203764235	-0.008383065	-0.009966644	0.000627520	0.024723098	-0.021865809	-0.024441834	0.069566086	-0.391439861	0.013926388	-0.003628937	-0.001721961	0.001888840	-0.035035929	0.003668696	0.001832128	-0.095734231	-0.047330202	-0.332821814	0.050710064	0.002358782	-0.277073927	-0.039755050	-0.004496543	0.599625305	0.439817505	-0.003685381	0.002134526	-0.193926183	0.028974975	0.000000000	0.000000000	0.000000000	0.000000000	0.000000000	0.000000000	0.000000000	0.000000000	0.000000000	0.000000000	0.000000000	0.000000000	0.000000000	0.000000000	0.000000000	0.000000000	0.000000000	0.000000000	0.000000000	0.000000000	0.000000000	0.000000000	0.000000000	0.000000000	0.000000000	0.000000000	0.000000000	0.000000000	0.000000000	0.000000000	0.000000000	0.000000000	0.000000000	0.000000000	0.000000000	0.000000000	0.000000000	0.000000000	0.000000000	0.000000000	0.000000000	0.000000000	0.000000000		
-0.000191198	0.000084960	-0.000047165	0.000018134	-0.000001268	0.000003778	0.000022322	0.000029140	-0.000106244	0.000774926	-0.000014344	0.000006028	0.000009718	-0.000002333	0.000108647	-0.000009665	0.999657018	0.000257822	-0.000350006	0.000474719	-0.000064919	0.020605123	0.000692236	0.000062216	0.000004329	-0.001602725	-0.000270163	-0.000013474	-0.016024159	0.000441688	-0.000301668	0.000000000	0.000000000	0.000000000	0.000000000	0.000000000	0.000000000	0.000000000	0.000000000	0.000000000	0.000000000	0.000000000	0.000000000	0.000000000	0.000000000	0.000000000	0.000000000	0.000000000	0.000000000	0.000000000	0.000000000	0.000000000	0.000000000	0.000000000	0.000000000	0.000000000	0.000000000	0.000000000	0.000000000	0.000000000	0.000000000	0.000000000	0.000000000	0.000000000	0.000000000	0.000000000	0.000000000	0.000000000	0.000000000	0.000000000	0.000000000	0.000000000	0.000000000	0.000000000		
-0.010700391	0.005860164	0.001645543	-0.000545302	0.000037209	-0.001380285	0.005266575	-0.013509880	0.002046169	-0.011162218	-0.658633389	-0.000096071	-0.000266372	-0.049163306	-0.010085251	0.078424275	0.000038146	-0.007071249	-0.007484172	-0.016854816	-0.597013910	0.000013879	-0.008525591	-0.001959516	-0.445757466	0.031714286	0.001361773	0.007690825	0.000103308	-0.012649617	0.014876285	0.000000000	0.000000000	0.000000000	0.000000000	0.000000000	0.000000000	0.000000000	0.000000000	0.000000000	0.000000000	0.000000000	0.000000000	0.000000000	0.000000000	0.000000000	0.000000000	0.000000000	0.000000000	0.000000000	0.000000000	0.000000000	0.000000000	0.000000000	0.000000000	0.000000000	0.000000000	0.000000000	0.000000000	0.000000000	0.000000000	0.000000000	0.000000000	0.000000000	0.000000000	0.000000000	0.000000000	0.000000000	0.000000000	0.000000000	0.000000000	0.000000000	0.000000000	0.000000000		
-0.054875556	0.180309752	-0.013457339	0.001922123	-0.000040348	0.104945041	-0.011242277	-0.007909321	0.056855914	0.038426137	0.005607217	0.001295731	-0.008694460	0.000600781	-0.352840301	0.001747011	0.000677737	-0.121776628	0.285786702	0.141570667	0.015488293	-0.003619649	-0.036289778	0.083015495	-0.002422931	0.440014649	-0.634421814	-0.001763806	0.001405744	-0.136802320	-0.289714904	0.000000000	0.000000000	0.000000000	0.000000000	0.000000000	0.000000000	0.000000000	0.000000000	0.000000000	0.000000000	0.000000000	0.000000000	0.000000000	0.000000000	0.000000000	0.000000000	0.000000000	0.000000000	0.000000000	0.000000000	0.000000000	0.000000000	0.000000000	0.000000000	0.000000000	0.000000000	0.000000000	0.000000000	0.000000000	0.000000000	0.000000000	0.000000000	0.000000000	0.000000000	0.000000000	0.000000000	0.000000000	0.000000000	0.000000000	0.000000000	0.000000000	0.000000000	0.000000000		
-0.208674809	0.029008510	-0.486938812	0.017676752	-0.001743140	-0.485426041	0.000000400	-0.000409407	0.413209379	-0.000000491	0.000353037	0.008809249	-0.000000026	0.000007529	-0.093864289	0.000174481	0.000000029	0.043843430	0.000001316	0.174846380	-0.000668374	0.000000036	-0.484083153	-0.000000036	-0.000206625	-0.099517623	-0.000000233	0.000301379	0.000000020	0.161818463	0.000000150	0.000000000	0.000000000	0.000000000	0.000000000	0.000000000	0.000000000	0.000000000	0.000000000	0.000000000	0.000000000	0.000000000	0.000000000	0.000000000	0.000000000	0.000000000	0.000000000	0.000000000	0.000000000	0.000000000	0.000000000	0.000000000	0.000000000	0.000000000	0.000000000	0.000000000	0.000000000	0.000000000	0.000000000	0.000000000	0.000000000	0.000000000	0.000000000	0.000000000	0.000000000	0.000000000	0.000000000	0.000000000	0.000000000	0.000000000	0.000000000	0.000000000	0.000000000	0.000000000		
0.159220720	0.036004144	-0.041525483	-0.004098647	0.000371258	0.429138756	-0.004879591	0.002820059	0.116472428	-0.033416730	-0.000296507	-0.000895401	0.000575973	-0.000364014	0.096765631	-0.001509924	-0.000066522	-0.759474307	-0.072047608	0.164735084	-0.010576499	-0.000087690	-0.295949258	-0.005130701	0.000965636	-0.220315136	0.024307418	0.000858138	-0.000235452	0.127376272	-0.034053808	0.000000000	0.000000000	0.000000000	0.000000000	0.000000000	0.000000000	0.000000000	0.000000000	0.000000000	0.000000000	0.000000000	0.000000000	0.000000000	0.000000000	0.000000000	0.000000000	0.000000000	0.000000000	0.000000000	0.000000000	0.000000000	0.000000000	0.000000000	0.000000000	0.000000000	0.000000000	0.000000000	0.000000000	0.000000000	0.000000000	0.000000000	0.000000000	0.000000000	0.000000000	0.000000000	0.000000000	0.000000000	0.000000000	0.000000000	0.000000000	0.000000000	0.000000000	0.000000000		
0.009423189	-0.003267298	-0.001638605	0.000496922	-0.000034142	0.002194982	0.003411239	-0.689891805	-0.000260001	0.011064031	-0.535799446	0.000173326	0.000217748	-0.011369965	0.008201060	-0.012061068	-0.000028148	0.004883682	0.005896669	0.015077761	0.406359585	-0.000007528	0.007134475	0.001214648	0.262994453	-0.022796591	-0.000199206	-0.030980319	-0.000079838	0.010965359	-0.012351077	0.000000000	0.000000000	0.000000000	0.000000000	0.000000000	0.000000000	0.000000000	0.000000000	0.000000000	0.000000000	0.000000000	0.000000000	0.000000000	0.000000000	0.000000000	0.000000000	0.000000000	0.000000000	0.000000000	0.000000000	0.000000000	0.000000000	0.000000000	0.000000000	0.000000000	0.000000000	0.000000000	0.000000000	0.000000000	0.000000000	0.000000000	0.000000000	0.000000000	0.000000000	0.000000000	0.000000000	0.000000000	0.000000000	0.000000000	0.000000000	0.000000000	0.000000000	0.000000000		
0.003442285	-0.002701740	-0.000434194	0.000121525	-0.000007601	0.000250531	-0.003095627	-0.117062585	-0.000432803	0.002174140	0.131865507	0.000012694	0.000080997	0.002905667	0.000719075	0.867511271	-0.000013072	0.001039490	0.000813916	0.004020202	-0.031397855	0.000010905	0.002128817	0.000329039	-0.006064281	-0.007541162	0.000610086	-0.463871607	-0.000027554	0.002188827	-0.002260029	0.000000000	0.000000000	0.000000000	0.000000000	0.000000000	0.000000000	0.000000000	0.000000000	0.000000000	0.000000000	0.000000000	0.000000000	0.000000000	0.000000000	0.000000000	0.000000000	0.000000000	0.000000000	0.000000000	0.000000000	0.000000000	0.000000000	0.000000000	0.000000000	0.000000000	0.000000000	0.000000000	0.000000000	0.000000000	0.000000000	0.000000000	0.000000000	0.000000000	0.000000000	0.000000000	0.000000000	0.000000000	0.000000000	0.000000000	0.000000000	0.000000000	0.000000000	0.000000000		
0.018741202	-0.008844193	-0.008895420	0.001913035	-0.000069456	0.070749499	0.001911387	-0.000050296	0.011641954	0.165257858	0.000557594	-0.000125471	-0.004779514	0.000030435	-0.072191618	-0.000013274	0.000385954	-0.042853451	0.789506858	0.060521120	0.000443012	0.001076401	-0.015673153	0.013878348	-0.000359454	0.027961707	0.201324716	0.000207799	0.001140138	0.055935239	0.536744190	0.000000000	0.000000000	0.000000000	0.000000000	0.000000000	0.000000000	0.000000000	0.000000000	0.000000000	0.000000000	0.000000000	0.000000000	0.000000000	0.000000000	0.000000000	0.000000000	0.000000000	0.000000000	0.000000000	0.000000000	0.000000000	0.000000000	0.000000000	0.000000000	0.000000000	0.000000000	0.000000000	0.000000000	0.000000000	0.000000000	0.000000000	0.000000000	0.000000000	0.000000000	0.000000000	0.000000000	0.000000000	0.000000000	0.000000000	0.000000000	0.000000000	0.000000000	0.000000000		
0.000000563	0.000000155	-0.000000149	0.000000029	-0.000000002	-0.000000198	0.044404041	0.000000010	0.000000302	-0.013274981	0.000000007	0.000000007	-0.048769453	-0.000000000	0.000000588	-0.000000022	-0.000058803	0.000000725	-0.073617469	0.000000400	-0.000000027	0.000842748	0.000000228	0.990840645	-0.000000009	0.000000109	0.067837980	0.000000012	-0.000026094	0.000000048	0.060713881	0.000000000	0.000000000	0.000000000	0.000000000	0.000000000	0.000000000	0.000000000	0.000000000	0.000000000	0.000000000	0.000000000	0.000000000	0.000000000	0.000000000	0.000000000	0.000000000	0.000000000	0.000000000	0.000000000	0.000000000	0.000000000	0.000000000	0.000000000	0.000000000	0.000000000	0.000000000	0.000000000	0.000000000	0.000000000	0.000000000	0.000000000	0.000000000	0.000000000	0.000000000	0.000000000	0.000000000	0.000000000	0.000000000	0.000000000	0.000000000	0.000000000	0.000000000	0.000000000		
-0.006264411	0.005142586	0.000950791	-0.000393833	0.000026341	-0.001560890	0.007915361	0.473977480	0.001963088	-0.008076386	-0.362278843	-0.000072514	-0.000219416	0.002561812	-0.008397810	0.010773626	0.000027248	-0.005850622	-0.004879467	-0.011336265	-0.174176686	0.000015185	-0.007018956	-0.001544451	0.756166011	0.024234433	0.001295892	-0.201357471	0.000073556	-0.010318520	0.010109717	0.000000000	0.000000000	0.000000000	0.000000000	0.000000000	0.000000000	0.000000000	0.000000000	0.000000000	0.000000000	0.000000000	0.000000000	0.000000000	0.000000000	0.000000000	0.000000000	0.000000000	0.000000000	0.000000000	0.000000000	0.000000000	0.000000000	0.000000000	0.000000000	0.000000000	0.000000000	0.000000000	0.000000000	0.000000000	0.000000000	0.000000000	0.000000000	0.000000000	0.000000000	0.000000000	0.000000000	0.000000000	0.000000000	0.000000000	0.000000000	0.000000000	0.000000000	0.000000000		
-0.092445029	-0.000041013	0.010153757	0.000992019	-0.000017532	-0.013950615	0.003579459	0.009915196	-0.017539476	-0.058501129	-0.005190890	-0.000122360	0.006356328	-0.000859590	-0.288645898	-0.002160442	-0.000331762	-0.022118693	0.306765840	0.184577627	-0.022812837	-0.005097421	0.140347827	0.027240304	0.001021052	-0.245579279	0.500320456	0.001766437	-0.002839555	-0.177927646	-0.641852905	0.000000000	0.000000000	0.000000000	0.000000000	0.000000000	0.000000000	0.000000000	0.000000000	0.000000000	0.000000000	0.000000000	0.000000000	0.000000000	0.000000000	0.000000000	0.000000000	0.000000000	0.000000000	0.000000000	0.000000000	0.000000000	0.000000000	0.000000000	0.000000000	0.000000000	0.000000000	0.000000000	0.000000000	0.000000000	0.000000000	0.000000000	0.000000000	0.000000000	0.000000000	0.000000000	0.000000000	0.000000000	0.000000000	0.000000000	0.000000000	0.000000000	0.000000000	0.000000000		
0.097694145	0.055092157	-0.013596682	-0.009561613	0.000671996	0.015396063	-0.008896200	0.000515949	0.018845249	0.824823171	0.001242142	-0.007013074	0.020614697	-0.000011431	-0.078416188	0.000331331	-0.000214910	-0.037028305	-0.064858366	-0.447481680	-0.000590015	0.000808141	-0.182649890	0.010174808	-0.000419973	0.081375969	0.131782445	0.000087620	-0.000348642	0.026386908	-0.188536093	0.000000000	0.000000000	0.000000000	0.000000000	0.000000000	0.000000000	0.000000000	0.000000000	0.000000000	0.000000000	0.000000000	0.000000000	0.000000000	0.000000000	0.000000000	0.000000000	0.000000000	0.000000000	0.000000000	0.000000000	0.000000000	0.000000000	0.000000000	0.000000000	0.000000000	0.000000000	0.000000000	0.000000000	0.000000000	0.000000000	0.000000000	0.000000000	0.000000000	0.000000000	0.000000000	0.000000000	0.000000000	0.000000000	0.000000000	0.000000000	0.000000000	0.000000000	0.000000000		
-0.004502952	0.004702716	-0.000176831	0.000044783	-0.000002187	0.001749163	-0.000241763	0.000015630	0.000236117	0.000318923	-0.000001943	0.000010633	0.000015127	-0.000001160	-0.004148574	-0.000000484	-0.024993659	-0.000456764	0.000330058	0.002334567	-0.000034519	0.932808589	0.002305153	-0.000586812	0.000000230	-0.001058727	-0.000821812	0.000028165	-0.359391439	-0.001103932	-0.001972769	0.000000000	0.000000000	0.000000000	0.000000000	0.000000000	0.000000000	0.000000000	0.000000000	0.000000000	0.000000000	0.000000000	0.000000000	0.000000000	0.000000000	0.000000000	0.000000000	0.000000000	0.000000000	0.000000000	0.000000000	0.000000000	0.000000000	0.000000000	0.000000000	0.000000000	0.000000000	0.000000000	0.000000000	0.000000000	0.000000000	0.000000000	0.000000000	0.000000000	0.000000000	0.000000000	0.000000000	0.000000000	0.000000000	0.000000000	0.000000000	0.000000000	0.000000000	0.000000000		
0.002916131	-0.001541046	-0.000150828	0.000018624	-0.000001019	-0.000477485	0.000109209	-0.000063038	0.000331623	0.000020832	0.000040180	0.000020934	0.000011701	0.000004543	-0.001208770	0.000002298	-0.007534082	-0.000305281	-0.001698838	0.000268874	0.000120090	-0.359644364	-0.001007930	-0.000139244	-0.000011033	0.004139172	0.000073434	0.000002278	-0.933029258	-0.000077649	0.004648360	0.000000000	0.000000000	0.000000000	0.000000000	0.000000000	0.000000000	0.000000000	0.000000000	0.000000000	0.000000000	0.000000000	0.000000000	0.000000000	0.000000000	0.000000000	0.000000000	0.000000000	0.000000000	0.000000000	0.000000000	0.000000000	0.000000000	0.000000000	0.000000000	0.000000000	0.000000000	0.000000000	0.000000000	0.000000000	0.000000000	0.000000000	0.000000000	0.000000000	0.000000000	0.000000000	0.000000000	0.000000000	0.000000000	0.000000000	0.000000000	0.000000000	0.000000000	0.000000000		
-0.021393414	-0.017471956	-0.029938523	0.012895823	-0.000492561	0.235923652	0.005050755	0.005161096	-0.040638715	-0.178494176	-0.002495837	-0.004077596	-0.002915949	-0.000317228	-0.181276158	0.000416484	-0.000098938	0.180803044	0.069333364	-0.181970970	-0.008525803	-0.000199286	0.026942228	0.010858589	0.001149030	0.090670972	0.032260254	0.000940142	-0.000665382	0.874587972	-0.174247477	0.000000000	0.000000000	0.000000000	0.000000000	0.000000000	0.000000000	0.000000000	0.000000000	0.000000000	0.000000000	0.000000000	0.000000000	0.000000000	0.000000000	0.000000000	0.000000000	0.000000000	0.000000000	0.000000000	0.000000000	0.000000000	0.000000000	0.000000000	0.000000000	0.000000000	0.000000000	0.000000000	0.000000000	0.000000000	0.000000000	0.000000000	0.000000000	0.000000000	0.000000000	0.000000000	0.000000000	0.000000000	0.000000000	0.000000000	0.000000000	0.000000000	0.000000000	0.000000000		
0.731997289	-0.032199940	-0.199893606	0.001894468	-0.000759181	-0.379310020	-0.016331526	0.004090656	0.151591556	-0.134112631	-0.002074753	0.020878894	-0.004895954	-0.000570158	0.069933366	-0.002268971	0.000011918	-0.176671651	0.162652710	-0.222146483	-0.014532061	0.003898075	0.309991833	0.024994690	0.001062446	-0.031968595	-0.102130491	0.000788582	-0.000361926	0.058013081	-0.117947063	0.000000000	0.000000000	0.000000000	0.000000000	0.000000000	0.000000000	0.000000000	0.000000000	0.000000000	0.000000000	0.000000000	0.000000000	0.000000000	0.000000000	0.000000000	0.000000000	0.000000000	0.000000000	0.000000000	0.000000000	0.000000000	0.000000000	0.000000000	0.000000000	0.000000000	0.000000000	0.000000000	0.000000000	0.000000000	0.000000000	0.000000000	0.000000000	0.000000000	0.000000000	0.000000000	0.000000000	0.000000000	0.000000000	0.000000000	0.000000000	0.000000000	0.000000000	0.000000000		
0.000000000	0.000000000	0.000000000	0.000000000	0.000000000	0.000000000	0.000000000	0.000000000	0.000000000	0.000000000	0.000000000	0.000000000	0.000000000	0.000000000	0.000000000	0.000000000	0.000000000	0.000000000	0.000000000	0.000000000	0.000000000	0.000000000	0.000000000	0.000000000	0.000000000	0.000000000	0.000000000	0.000000000	0.000000000	0.000000000	0.000000000	0.999360105	-0.019914692	-0.003951843	-0.000018685	-0.000023919	-0.013779708	0.002037165	0.005239691	0.017500022	0.000206561	0.000000728	0.000018782	0.000001841	0.000000421	-0.001003903	-0.000094477	0.000838644	0.008589906	0.000579866	-0.000470340	-0.000008490	0.000258485	0.000042849	0.000153146	0.000404302	0.015605445	0.000503018	-0.000047459	-0.000071870	0.004389291	-0.000111619	0.000000000	0.000000000	0.000000000	0.000000000	0.000000000	0.000000000	0.000000000	0.000000000	0.000000000	0.000000000	0.000000000	0.000000000		
0.000000000	0.000000000	0.000000000	0.000000000	0.000000000	0.000000000	0.000000000	0.000000000	0.000000000	0.000000000	0.000000000	0.000000000	0.000000000	0.000000000	0.000000000	0.000000000	0.000000000	0.000000000	0.000000000	0.000000000	0.000000000	0.000000000	0.000000000	0.000000000	0.000000000	0.000000000	0.000000000	0.000000000	0.000000000	0.000000000	0.000000000	-0.017478295	-0.921815677	-0.042566334	-0.002303612	0.000154699	-0.134358193	-0.032606438	-0.000209118	-0.212534378	-0.008854526	0.000002618	-0.014877608	0.001899905	-0.000206552	-0.023986072	0.000124224	-0.000032939	0.017567502	-0.020779739	-0.267169190	0.003543463	-0.000037238	0.085412664	-0.044284790	0.000064012	0.030999147	0.000948597	0.000173719	0.000001234	0.024835080	-0.000843572	0.000000000	0.000000000	0.000000000	0.000000000	0.000000000	0.000000000	0.000000000	0.000000000	0.000000000	0.000000000	0.000000000	0.000000000		
0.000000000	0.000000000	0.000000000	0.000000000	0.000000000	0.000000000	0.000000000	0.000000000	0.000000000	0.000000000	0.000000000	0.000000000	0.000000000	0.000000000	0.000000000	0.000000000	0.000000000	0.000000000	0.000000000	0.000000000	0.000000000	0.000000000	0.000000000	0.000000000	0.000000000	0.000000000	0.000000000	0.000000000	0.000000000	0.000000000	0.000000000	0.005898962	0.346430022	-0.501260579	-0.006353261	0.000723777	-0.249076038	-0.068622536	-0.000305372	-0.353707707	-0.009932235	0.000291423	-0.026885281	-0.000582801	-0.000448476	-0.048239975	0.000240966	-0.000050780	0.035055093	-0.045102048	-0.587156255	0.007795434	-0.000040094	0.279003924	0.000353654	0.000184831	0.071802947	0.000800468	0.000561346	0.000017491	0.044389406	0.024398704	0.000000000	0.000000000	0.000000000	0.000000000	0.000000000	0.000000000	0.000000000	0.000000000	0.000000000	0.000000000	0.000000000	0.000000000		
0.000000000	0.000000000	0.000000000	0.000000000	0.000000000	0.000000000	0.000000000	0.000000000	0.000000000	0.000000000	0.000000000	0.000000000	0.000000000	0.000000000	0.000000000	0.000000000	0.000000000	0.000000000	0.000000000	0.000000000	0.000000000	0.000000000	0.000000000	0.000000000	0.000000000	0.000000000	0.000000000	0.000000000	0.000000000	0.000000000	0.000000000	-0.000005601	0.000290670	-0.014628512	0.763267826	0.108023509	0.003633557	-0.000000006	0.000003091	0.001783635	0.000000041	0.000001554	-0.635973339	0.000000044	-0.000539976	-0.000733561	0.000001265	0.000000000	0.000217638	-0.000000005	0.018411916	-0.000049634	-0.000000000	-0.026546282	0.000000002	0.000003260	0.001572996	0.000000000	-0.000005934	-0.000000000	-0.003679628	-0.000000000	0.000000000	0.000000000	0.000000000	0.000000000	0.000000000	0.000000000	0.000000000	0.000000000	0.000000000	0.000000000	0.000000000	0.000000000		
0.000000000	0.000000000	0.000000000	0.000000000	0.000000000	0.000000000	0.000000000	0.000000000	0.000000000	0.000000000	0.000000000	0.000000000	0.000000000	0.000000000	0.000000000	0.000000000	0.000000000	0.000000000	0.000000000	0.000000000	0.000000000	0.000000000	0.000000000	0.000000000	0.000000000	0.000000000	0.000000000	0.000000000	0.000000000	0.000000000	0.000000000	0.000000618	-0.000032019	0.001611113	-0.081660092	0.994139318	-0.002642227	0.000000000	-0.000002245	-0.000561607	0.000000005	-0.000000484	0.070763816	-0.000000003	0.000060119	0.000279154	-0.000000681	-0.000000000	-0.000320528	-0.000000001	-0.000998073	0.000001642	-0.000000000	0.000196006	-0.000000002	0.000000253	0.000120427	-0.000000000	-0.000000128	-0.000000000	0.000032359	0.000000000	0.000000000	0.000000000	0.000000000	0.000000000	0.000000000	0.000000000	0.000000000	0.000000000	0.000000000	0.000000000	0.000000000	0.000000000		
0.000000000	0.000000000	0.000000000	0.000000000	0.000000000	0.000000000	0.000000000	0.000000000	0.000000000	0.000000000	0.000000000	0.000000000	0.000000000	0.000000000	0.000000000	0.000000000	0.000000000	0.000000000	0.000000000	0.000000000	0.000000000	0.000000000	0.000000000	0.000000000	0.000000000	0.000000000	0.000000000	0.000000000	0.000000000	0.000000000	0.000000000	0.012875230	-0.006366552	0.059886988	-0.015126114	0.002848924	0.915716818	-0.030055354	-0.000311746	-0.185108595	-0.006798996	0.002725250	-0.029112972	0.001428401	-0.000609286	-0.048231880	0.000200765	-0.000019357	0.079057391	-0.014345047	-0.186865291	0.009336793	-0.000005210	0.233522125	-0.033417994	-0.000761681	0.147622616	0.000095580	0.000113578	-0.000010228	0.011327513	-0.001441634	0.000000000	0.000000000	0.000000000	0.000000000	0.000000000	0.000000000	0.000000000	0.000000000	0.000000000	0.000000000	0.000000000	0.000000000		
0.000000000	0.000000000	0.000000000	0.000000000	0.000000000	0.000000000	0.000000000	0.000000000	0.000000000	0.000000000	0.000000000	0.000000000	0.000000000	0.000000000	0.000000000	0.000000000	0.000000000	0.000000000	0.000000000	0.000000000	0.000000000	0.000000000	0.000000000	0.000000000	0.000000000	0.000000000	0.000000000	0.000000000	0.000000000	0.000000000	0.000000000	0.000236214	-0.024485441	-0.099740989	-0.003565105	0.000469742	-0.008737855	0.790939609	0.000017459	-0.110251228	0.118081342	-0.000376273	-0.008703398	0.001188052	0.000298477	-0.002067160	0.000397176	0.000540849	-0.000580788	0.500210169	0.104162323	-0.004736676	0.000262936	0.235773250	0.064559067	0.000272847	-0.052034206	-0.004744198	-0.000418176	-0.000210232	-0.090544860	-0.076343107	0.000000000	0.000000000	0.000000000	0.000000000	0.000000000	0.000000000	0.000000000	0.000000000	0.000000000	0.000000000	0.000000000	0.000000000		
0.000000000	0.000000000	0.000000000	0.000000000	0.000000000	0.000000000	0.000000000	0.000000000	0.000000000	0.000000000	0.000000000	0.000000000	0.000000000	0.000000000	0.000000000	0.000000000	0.000000000	0.000000000	0.000000000	0.000000000	0.000000000	0.000000000	0.000000000	0.000000000	0.000000000	0.000000000	0.000000000	0.000000000	0.000000000	0.000000000	0.000000000	-0.005233542	0.000056232	0.000170700	-0.000013164	0.000002754	0.000227772	0.000084061	0.989956053	-0.000281982	-0.000043004	0.006679299	-0.000027190	-0.000000552	0.000155338	-0.001290932	-0.076064579	0.000020415	-0.000791427	-0.000351324	-0.000461069	-0.000495659	0.000162066	0.000222961	0.000000615	0.117501599	0.000471034	0.000435170	-0.017826239	-0.000034973	-0.001107029	0.000043468	0.000000000	0.000000000	0.000000000	0.000000000	0.000000000	0.000000000	0.000000000	0.000000000	0.000000000	0.000000000	0.000000000	0.000000000		
0.000000000	0.000000000	0.000000000	0.000000000	0.000000000	0.000000000	0.000000000	0.000000000	0.000000000	0.000000000	0.000000000	0.000000000	0.000000000	0.000000000	0.000000000	0.000000000	0.000000000	0.000000000	0.000000000	0.000000000	0.000000000	0.000000000	0.000000000	0.000000000	0.000000000	0.000000000	0.000000000	0.000000000	0.000000000	0.000000000	0.000000000	-0.010012981	-0.156004211	-0.808068267	0.006884518	-0.000150247	0.229868108	-0.000133442	0.000199717	0.440257771	0.002419895	0.000359720	0.042507644	0.000040118	0.000035802	0.033883804	-0.000067334	0.000000304	-0.021462641	-0.000330876	0.112731595	-0.000354349	-0.000000239	-0.227721469	-0.000228949	-0.000022221	-0.010513450	-0.000001728	-0.000076867	-0.000000002	-0.088184000	0.000003572	0.000000000	0.000000000	0.000000000	0.000000000	0.000000000	0.000000000	0.000000000	0.000000000	0.000000000	0.000000000	0.000000000	0.000000000		
0.000000000	0.000000000	0.000000000	0.000000000	0.000000000	0.000000000	0.000000000	0.000000000	0.000000000	0.000000000	0.000000000	0.000000000	0.000000000	0.000000000	0.000000000	0.000000000	0.000000000	0.000000000	0.000000000	0.000000000	0.000000000	0.000000000	0.000000000	0.000000000	0.000000000	0.000000000	0.000000000	0.000000000	0.000000000	0.000000000	0.000000000	0.000022187	0.000378803	0.002017188	-0.000022361	0.000000743	-0.000576594	-0.054283745	-0.000000510	-0.000948670	0.984892151	-0.000000755	-0.000117248	0.016326444	-0.000000102	-0.000081791	-0.000000038	-0.000114093	0.000050121	-0.134454173	-0.000333175	0.000001063	-0.000080082	0.000661591	-0.093206745	0.000000041	0.000018931	-0.000706992	0.000000210	0.000002320	0.000228189	0.001470193	0.000000000	0.000000000	0.000000000	0.000000000	0.000000000	0.000000000	0.000000000	0.000000000	0.000000000	0.000000000	0.000000000	0.000000000		
0.000000000	0.000000000	0.000000000	0.000000000	0.000000000	0.000000000	0.000000000	0.000000000	0.000000000	0.000000000	0.000000000	0.000000000	0.000000000	0.000000000	0.000000000	0.000000000	0.000000000	0.000000000	0.000000000	0.000000000	0.000000000	0.000000000	0.000000000	0.000000000	0.000000000	0.000000000	0.000000000	0.000000000	0.000000000	0.000000000	0.000000000	0.000010713	-0.000123263	-0.000419446	0.000010665	-0.000002655	-0.001209968	-0.000525671	-0.001905564	-0.000936056	-0.000097427	0.965066907	0.000008460	-0.000000001	0.001279651	0.000526785	0.185959682	-0.000000313	-0.001140835	-0.000453489	-0.000159324	-0.161153231	-0.000000475	0.000176027	-0.000068472	0.085239568	-0.000868910	0.000011455	0.028595710	0.000000252	0.000555565	0.000065799	0.000000000	0.000000000	0.000000000	0.000000000	0.000000000	0.000000000	0.000000000	0.000000000	0.000000000	0.000000000	0.000000000	0.000000000		
0.000000000	0.000000000	0.000000000	0.000000000	0.000000000	0.000000000	0.000000000	0.000000000	0.000000000	0.000000000	0.000000000	0.000000000	0.000000000	0.000000000	0.000000000	0.000000000	0.000000000	0.000000000	0.000000000	0.000000000	0.000000000	0.000000000	0.000000000	0.000000000	0.000000000	0.000000000	0.000000000	0.000000000	0.000000000	0.000000000	0.000000000	0.000010272	-0.000535915	0.026918649	0.639980908	-0.001796941	0.008787536	-0.000000032	0.000007447	0.012745837	0.000000616	0.000010742	0.762825552	0.000000066	0.000640413	-0.001288718	0.000003116	-0.000000001	0.001419364	-0.000000084	-0.040257886	0.000123211	0.000000000	0.075952316	-0.000000052	-0.000013575	-0.006548625	-0.000000001	0.000019970	0.000000000	0.010833779	0.000000003	0.000000000	0.000000000	0.000000000	0.000000000	0.000000000	0.000000000	0.000000000	0.000000000	0.000000000	0.000000000	0.000000000	0.000000000		
0.000000000	0.000000000	0.000000000	0.000000000	0.000000000	0.000000000	0.000000000	0.000000000	0.000000000	0.000000000	0.000000000	0.000000000	0.000000000	0.000000000	0.000000000	0.000000000	0.000000000	0.000000000	0.000000000	0.000000000	0.000000000	0.000000000	0.000000000	0.000000000	0.000000000	0.000000000	0.000000000	0.000000000	0.000000000	0.000000000	0.000000000	-0.000000003	0.000000011	0.000000005	-0.000000070	-0.000000001	0.000000002	-0.002332391	0.000000000	-0.000000002	-0.012282423	-0.000000000	-0.000000015	0.998758472	-0.000000002	0.000000001	0.000000003	-0.000000078	-0.000000004	-0.000081274	-0.000000007	-0.000000000	0.000039819	-0.000000005	0.046823903	0.000000000	0.000000001	-0.000789141	-0.000000000	0.000012999	-0.000000002	0.011493824	0.000000000	0.000000000	0.000000000	0.000000000	0.000000000	0.000000000	0.000000000	0.000000000	0.000000000	0.000000000	0.000000000	0.000000000		
0.000000000	0.000000000	0.000000000	0.000000000	0.000000000	0.000000000	0.000000000	0.000000000	0.000000000	0.000000000	0.000000000	0.000000000	0.000000000	0.000000000	0.000000000	0.000000000	0.000000000	0.000000000	0.000000000	0.000000000	0.000000000	0.000000000	0.000000000	0.000000000	0.000000000	0.000000000	0.000000000	0.000000000	0.000000000	0.000000000	0.000000000	0.000000010	-0.000000039	0.000000048	0.000004667	-0.000000050	-0.000000334	-0.000000000	0.000463927	-0.000008137	0.000000000	0.009673321	-0.000841773	0.000000002	0.997971884	-0.000003874	-0.002620282	0.000000002	0.000002245	-0.000000003	0.000090479	0.061715396	0.000000002	-0.000051855	0.000000000	-0.005619870	0.000025719	0.000000000	0.010505744	0.000000001	-0.000010844	-0.000000000	0.000000000	0.000000000	0.000000000	0.000000000	0.000000000	0.000000000	0.000000000	0.000000000	0.000000000	0.000000000	0.000000000	0.000000000		
0.000000000	0.000000000	0.000000000	0.000000000	0.000000000	0.000000000	0.000000000	0.000000000	0.000000000	0.000000000	0.000000000	0.000000000	0.000000000	0.000000000	0.000000000	0.000000000	0.000000000	0.000000000	0.000000000	0.000000000	0.000000000	0.000000000	0.000000000	0.000000000	0.000000000	0.000000000	0.000000000	0.000000000	0.000000000	0.000000000	0.000000000	-0.000344090	-0.000009661	-0.000018540	0.000000232	-0.000000007	-0.000052640	-0.000331735	-0.000078511	0.000053646	0.000014493	0.000000162	0.000003838	-0.000016757	-0.000000049	-0.000483576	0.000008130	0.242897654	0.000428778	-0.000256585	0.000066966	0.000000226	0.264963049	-0.000043566	0.000216881	-0.000010744	0.000118318	-0.006330711	0.000002127	-0.933142180	0.000253748	0.000223329	0.000000000	0.000000000	0.000000000	0.000000000	0.000000000	0.000000000	0.000000000	0.000000000	0.000000000	0.000000000	0.000000000	0.000000000		
0.000000000	0.000000000	0.000000000	0.000000000	0.000000000	0.000000000	0.000000000	0.000000000	0.000000000	0.000000000	0.000000000	0.000000000	0.000000000	0.000000000	0.000000000	0.000000000	0.000000000	0.000000000	0.000000000	0.000000000	0.000000000	0.000000000	0.000000000	0.000000000	0.000000000	0.000000000	0.000000000	0.000000000	0.000000000	0.000000000	0.000000000	-0.000418180	0.000031409	0.000000795	0.000001464	-0.000000067	-0.000357699	-0.000009667	0.127583482	0.000358279	-0.000012764	-0.116310646	0.000016548	-0.000002176	-0.000173784	-0.000244844	0.834954544	-0.000001461	0.001801690	-0.000117354	0.000202819	-0.000540450	-0.000007440	-0.000238649	0.000038045	-0.520016435	0.000858054	0.000012780	0.051215894	0.000001473	0.000355140	0.000018339	0.000000000	0.000000000	0.000000000	0.000000000	0.000000000	0.000000000	0.000000000	0.000000000	0.000000000	0.000000000	0.000000000	0.000000000		
0.000000000	0.000000000	0.000000000	0.000000000	0.000000000	0.000000000	0.000000000	0.000000000	0.000000000	0.000000000	0.000000000	0.000000000	0.000000000	0.000000000	0.000000000	0.000000000	0.000000000	0.000000000	0.000000000	0.000000000	0.000000000	0.000000000	0.000000000	0.000000000	0.000000000	0.000000000	0.000000000	0.000000000	0.000000000	0.000000000	0.000000000	-0.000766808	0.000011510	0.000012841	0.000000272	-0.000000019	0.000022562	-0.000448001	0.000000728	-0.000045652	0.000044613	-0.000000432	-0.000001921	0.000005343	0.000000004	0.000476699	0.000000076	0.969245166	-0.000071347	-0.000209746	-0.000035122	0.000000045	-0.105500919	0.000026028	-0.000066968	-0.000000140	-0.000004480	0.001651276	-0.000000241	0.222327565	-0.000125561	-0.000002133	0.000000000	0.000000000	0.000000000	0.000000000	0.000000000	0.000000000	0.000000000	0.000000000	0.000000000	0.000000000	0.000000000	0.000000000		
0.000000000	0.000000000	0.000000000	0.000000000	0.000000000	0.000000000	0.000000000	0.000000000	0.000000000	0.000000000	0.000000000	0.000000000	0.000000000	0.000000000	0.000000000	0.000000000	0.000000000	0.000000000	0.000000000	0.000000000	0.000000000	0.000000000	0.000000000	0.000000000	0.000000000	0.000000000	0.000000000	0.000000000	0.000000000	0.000000000	0.000000000	-0.011660174	0.000447150	-0.017997429	0.000215762	0.000010764	-0.056153325	0.074916103	-0.000329459	0.088769455	0.002083897	0.001225587	0.005450366	0.000421637	-0.000032706	-0.718221635	-0.001167772	0.000227655	0.574199110	-0.012084531	0.075314088	0.000104049	-0.001392902	-0.077072163	-0.004137566	0.000774877	0.132117907	-0.000615977	0.000607866	0.000407236	0.328739771	-0.002476264	0.000000000	0.000000000	0.000000000	0.000000000	0.000000000	0.000000000	0.000000000	0.000000000	0.000000000	0.000000000	0.000000000	0.000000000		
0.000000000	0.000000000	0.000000000	0.000000000	0.000000000	0.000000000	0.000000000	0.000000000	0.000000000	0.000000000	0.000000000	0.000000000	0.000000000	0.000000000	0.000000000	0.000000000	0.000000000	0.000000000	0.000000000	0.000000000	0.000000000	0.000000000	0.000000000	0.000000000	0.000000000	0.000000000	0.000000000	0.000000000	0.000000000	0.000000000	0.000000000	0.003278533	-0.002037507	-0.011873341	-0.001038349	0.000145461	0.007255147	-0.555163033	0.000299604	-0.016835350	0.079962902	-0.000070885	-0.001833008	-0.000230899	0.000019457	-0.088835174	0.000309532	-0.000067557	0.042007958	0.801365035	0.017452397	-0.000207030	-0.000650982	0.031074395	0.011492149	0.000253789	-0.167259474	-0.002558667	-0.000192829	-0.000184077	-0.036425022	-0.048467280	0.000000000	0.000000000	0.000000000	0.000000000	0.000000000	0.000000000	0.000000000	0.000000000	0.000000000	0.000000000	0.000000000	0.000000000		
0.000000000	0.000000000	0.000000000	0.000000000	0.000000000	0.000000000	0.000000000	0.000000000	0.000000000	0.000000000	0.000000000	0.000000000	0.000000000	0.000000000	0.000000000	0.000000000	0.000000000	0.000000000	0.000000000	0.000000000	0.000000000	0.000000000	0.000000000	0.000000000	0.000000000	0.000000000	0.000000000	0.000000000	0.000000000	0.000000000	0.000000000	-0.003386749	-0.041879198	-0.172018671	-0.005197694	0.000605341	-0.109607737	-0.210588570	-0.000334279	-0.146018098	-0.037431786	0.000644570	-0.009009024	0.002052486	-0.000347794	-0.046751537	0.000068145	-0.000158364	0.038321686	-0.141316827	0.605382727	0.004835859	-0.000117823	0.607079302	-0.068421533	0.000326291	0.276040207	0.002195392	0.000258980	0.000045907	-0.222706613	0.016805280	0.000000000	0.000000000	0.000000000	0.000000000	0.000000000	0.000000000	0.000000000	0.000000000	0.000000000	0.000000000	0.000000000	0.000000000		
0.000000000	0.000000000	0.000000000	0.000000000	0.000000000	0.000000000	0.000000000	0.000000000	0.000000000	0.000000000	0.000000000	0.000000000	0.000000000	0.000000000	0.000000000	0.000000000	0.000000000	0.000000000	0.000000000	0.000000000	0.000000000	0.000000000	0.000000000	0.000000000	0.000000000	0.000000000	0.000000000	0.000000000	0.000000000	0.000000000	0.000000000	-0.000041466	0.000572039	0.002971982	0.000177050	-0.000029542	-0.005481850	0.005481925	0.005663281	0.004359097	0.000903498	0.161492023	0.000508264	-0.000032491	-0.063507407	0.001284231	-0.008293891	0.000003981	-0.002293860	0.003484367	0.005841055	0.969648149	0.000002076	-0.006449282	0.001315957	-0.032473037	-0.005548145	-0.000034448	0.168207089	-0.000001019	0.001943159	-0.000437486	0.000000000	0.000000000	0.000000000	0.000000000	0.000000000	0.000000000	0.000000000	0.000000000	0.000000000	0.000000000	0.000000000	0.000000000		
0.000000000	0.000000000	0.000000000	0.000000000	0.000000000	0.000000000	0.000000000	0.000000000	0.000000000	0.000000000	0.000000000	0.000000000	0.000000000	0.000000000	0.000000000	0.000000000	0.000000000	0.000000000	0.000000000	0.000000000	0.000000000	0.000000000	0.000000000	0.000000000	0.000000000	0.000000000	0.000000000	0.000000000	0.000000000	0.000000000	0.000000000	-0.000264808	-0.000022680	-0.000071418	-0.000000522	0.000000098	-0.000100262	-0.000686446	-0.000137221	0.000062432	0.000091108	0.000000268	0.000003842	-0.000049765	-0.000000104	-0.000928138	0.000014981	0.039533292	0.000677447	0.000059611	0.000087771	0.000000706	0.958250998	-0.000027677	0.000505535	-0.000019041	0.000238399	-0.019184970	0.000003630	0.282514085	0.000409974	-0.002732826	0.000000000	0.000000000	0.000000000	0.000000000	0.000000000	0.000000000	0.000000000	0.000000000	0.000000000	0.000000000	0.000000000	0.000000000		
0.000000000	0.000000000	0.000000000	0.000000000	0.000000000	0.000000000	0.000000000	0.000000000	0.000000000	0.000000000	0.000000000	0.000000000	0.000000000	0.000000000	0.000000000	0.000000000	0.000000000	0.000000000	0.000000000	0.000000000	0.000000000	0.000000000	0.000000000	0.000000000	0.000000000	0.000000000	0.000000000	0.000000000	0.000000000	0.000000000	0.000000000	-0.013280679	-0.024680157	0.175377193	-0.027646747	0.002108179	-0.065245255	0.000009842	-0.000054821	0.734892843	-0.000178470	0.000622132	-0.068125376	-0.000002962	-0.000057777	0.008111083	-0.000024839	0.000000073	-0.015327460	0.000024315	-0.309960468	0.000933747	0.000000014	0.562910709	0.000016931	-0.000079046	-0.038035977	0.000000126	0.000117065	-0.000000001	0.063484908	-0.000000257	0.000000000	0.000000000	0.000000000	0.000000000	0.000000000	0.000000000	0.000000000	0.000000000	0.000000000	0.000000000	0.000000000	0.000000000		
0.000000000	0.000000000	0.000000000	0.000000000	0.000000000	0.000000000	0.000000000	0.000000000	0.000000000	0.000000000	0.000000000	0.000000000	0.000000000	0.000000000	0.000000000	0.000000000	0.000000000	0.000000000	0.000000000	0.000000000	0.000000000	0.000000000	0.000000000	0.000000000	0.000000000	0.000000000	0.000000000	0.000000000	0.000000000	0.000000000	0.000000000	-0.000568235	-0.044370648	-0.005880397	-0.000861790	0.000132319	0.020236249	-0.059999503	-0.000035061	-0.019956397	0.081961252	-0.000003011	-0.001884470	-0.046782932	0.000015472	-0.004928344	-0.000072802	-0.000050398	0.013395682	-0.055282294	0.022207971	-0.000288596	-0.000179087	0.041608150	0.975202356	-0.000005713	0.012152220	-0.000223739	0.000021671	0.000251016	-0.001071541	0.167406820	0.000000000	0.000000000	0.000000000	0.000000000	0.000000000	0.000000000	0.000000000	0.000000000	0.000000000	0.000000000	0.000000000	0.000000000		
0.000000000	0.000000000	0.000000000	0.000000000	0.000000000	0.000000000	0.000000000	0.000000000	0.000000000	0.000000000	0.000000000	0.000000000	0.000000000	0.000000000	0.000000000	0.000000000	0.000000000	0.000000000	0.000000000	0.000000000	0.000000000	0.000000000	0.000000000	0.000000000	0.000000000	0.000000000	0.000000000	0.000000000	0.000000000	0.000000000	0.000000000	-0.000001857	-0.000014533	0.000228259	-0.000007932	0.000002080	0.001107837	-0.000173464	-0.044622378	0.000212793	-0.000019272	-0.163815419	-0.000012131	0.000000135	0.003431744	0.000241337	0.404301352	-0.000000070	-0.000345850	-0.000058585	-0.000339815	-0.035905290	-0.000000110	-0.000111944	-0.000018821	0.726828585	0.001258912	-0.000003717	0.527380059	-0.000000023	0.000184271	0.000008347	0.000000000	0.000000000	0.000000000	0.000000000	0.000000000	0.000000000	0.000000000	0.000000000	0.000000000	0.000000000	0.000000000	0.000000000		
0.000000000	0.000000000	0.000000000	0.000000000	0.000000000	0.000000000	0.000000000	0.000000000	0.000000000	0.000000000	0.000000000	0.000000000	0.000000000	0.000000000	0.000000000	0.000000000	0.000000000	0.000000000	0.000000000	0.000000000	0.000000000	0.000000000	0.000000000	0.000000000	0.000000000	0.000000000	0.000000000	0.000000000	0.000000000	0.000000000	0.000000000	-0.016926895	0.011026859	0.057383830	0.005785492	-0.000813565	-0.079856752	0.004272891	0.000065204	0.110796505	0.033742945	0.001327016	0.011422076	-0.000182341	-0.000126542	0.225118608	-0.001597573	-0.000039624	-0.038919644	0.232059254	-0.077424447	0.001262111	-0.000087738	-0.171886574	0.018911490	-0.001247000	0.902236958	0.001508085	0.001158211	-0.000074728	0.140828248	-0.022527775	0.000000000	0.000000000	0.000000000	0.000000000	0.000000000	0.000000000	0.000000000	0.000000000	0.000000000	0.000000000	0.000000000	0.000000000		
0.000000000	0.000000000	0.000000000	0.000000000	0.000000000	0.000000000	0.000000000	0.000000000	0.000000000	0.000000000	0.000000000	0.000000000	0.000000000	0.000000000	0.000000000	0.000000000	0.000000000	0.000000000	0.000000000	0.000000000	0.000000000	0.000000000	0.000000000	0.000000000	0.000000000	0.000000000	0.000000000	0.000000000	0.000000000	0.000000000	0.000000000	-0.000440872	0.000493268	0.000807843	0.000008164	-0.000000941	0.000727051	0.004671675	-0.000446323	0.000584263	0.001512782	-0.000013752	0.000042611	0.000657972	0.000000841	-0.004650728	0.000032907	0.000703028	-0.003697193	0.007661569	-0.000115084	-0.000011034	0.020317254	-0.000922119	-0.004744344	-0.000044089	-0.001757943	0.999162862	0.000003708	-0.000823281	-0.001836354	0.033302683	0.000000000	0.000000000	0.000000000	0.000000000	0.000000000	0.000000000	0.000000000	0.000000000	0.000000000	0.000000000	0.000000000	0.000000000		
0.000000000	0.000000000	0.000000000	0.000000000	0.000000000	0.000000000	0.000000000	0.000000000	0.000000000	0.000000000	0.000000000	0.000000000	0.000000000	0.000000000	0.000000000	0.000000000	0.000000000	0.000000000	0.000000000	0.000000000	0.000000000	0.000000000	0.000000000	0.000000000	0.000000000	0.000000000	0.000000000	0.000000000	0.000000000	0.000000000	0.000000000	0.000011714	-0.000161497	-0.000503789	-0.000037105	0.000005558	0.000741629	-0.000639039	0.040630820	-0.000965627	-0.000119579	0.045279454	-0.000089276	0.000007313	-0.001970077	-0.000230059	-0.314553249	-0.000000467	0.000347468	-0.000455475	-0.000624247	-0.168813723	-0.000000140	0.001220274	-0.000231717	-0.423249272	-0.001216248	0.000006476	0.830484929	0.000000221	-0.001432768	0.000048362	0.000000000	0.000000000	0.000000000	0.000000000	0.000000000	0.000000000	0.000000000	0.000000000	0.000000000	0.000000000	0.000000000	0.000000000		
0.000000000	0.000000000	0.000000000	0.000000000	0.000000000	0.000000000	0.000000000	0.000000000	0.000000000	0.000000000	0.000000000	0.000000000	0.000000000	0.000000000	0.000000000	0.000000000	0.000000000	0.000000000	0.000000000	0.000000000	0.000000000	0.000000000	0.000000000	0.000000000	0.000000000	0.000000000	0.000000000	0.000000000	0.000000000	0.000000000	0.000000000	-0.004514407	-0.001973110	-0.015370569	-0.000741631	0.000170624	-0.019346814	-0.011911444	0.001331246	-0.011656986	-0.002042119	0.000488564	-0.002180880	0.000354005	-0.000015683	0.620171729	-0.000827016	-0.000239203	0.771203527	-0.004104704	0.028088716	0.000266488	0.000180601	0.030095357	-0.008693466	0.001111478	-0.120382539	0.005730968	-0.000054590	-0.000010020	0.058255633	0.000419124	0.000000000	0.000000000	0.000000000	0.000000000	0.000000000	0.000000000	0.000000000	0.000000000	0.000000000	0.000000000	0.000000000	0.000000000		
0.000000000	0.000000000	0.000000000	0.000000000	0.000000000	0.000000000	0.000000000	0.000000000	0.000000000	0.000000000	0.000000000	0.000000000	0.000000000	0.000000000	0.000000000	0.000000000	0.000000000	0.000000000	0.000000000	0.000000000	0.000000000	0.000000000	0.000000000	0.000000000	0.000000000	0.000000000	0.000000000	0.000000000	0.000000000	0.000000000	0.000000000	0.001636824	-0.019925285	-0.122399405	-0.004050146	0.000508620	0.038527730	-0.017750366	0.001218359	-0.080981037	0.000868558	-0.001423600	-0.007601298	0.000369379	0.000156942	0.179682134	-0.000329462	0.000000949	-0.249052337	0.019460094	0.218002020	-0.002522355	0.000003212	0.147630215	-0.008501334	-0.000501332	-0.131141154	0.001502062	0.000359419	0.000012069	0.891567185	0.000102851	0.000000000	0.000000000	0.000000000	0.000000000	0.000000000	0.000000000	0.000000000	0.000000000	0.000000000	0.000000000	0.000000000	0.000000000		
0.000000000	0.000000000	0.000000000	0.000000000	0.000000000	0.000000000	0.000000000	0.000000000	0.000000000	0.000000000	0.000000000	0.000000000	0.000000000	0.000000000	0.000000000	0.000000000	0.000000000	0.000000000	0.000000000	0.000000000	0.000000000	0.000000000	0.000000000	0.000000000	0.000000000	0.000000000	0.000000000	0.000000000	0.000000000	0.000000000	0.000000000	-0.000095689	-0.002898462	0.009390954	0.000175220	-0.000021668	0.003529756	0.049881336	0.000004964	0.007608658	-0.000578259	-0.000004252	0.000598092	-0.003706902	0.000006222	0.001430022	-0.000004814	0.000084434	-0.001273982	0.096760294	0.007295478	-0.000107955	0.001936302	-0.008286179	-0.159667196	-0.000003120	0.000519953	-0.034466121	-0.000008361	0.000958108	-0.001904892	0.980383709	0.000000000	0.000000000	0.000000000	0.000000000	0.000000000	0.000000000	0.000000000	0.000000000	0.000000000	0.000000000	0.000000000	0.000000000		
0.000000000	0.000000000	0.000000000	0.000000000	0.000000000	0.000000000	0.000000000	0.000000000	0.000000000	0.000000000	0.000000000	0.000000000	0.000000000	0.000000000	0.000000000	0.000000000	0.000000000	0.000000000	0.000000000	0.000000000	0.000000000	0.000000000	0.000000000	0.000000000	0.000000000	0.000000000	0.000000000	0.000000000	0.000000000	0.000000000	0.000000000	0.000000000	0.000000000	0.000000000	0.000000000	0.000000000	0.000000000	0.000000000	0.000000000	0.000000000	0.000000000	0.000000000	0.000000000	0.000000000	0.000000000	0.000000000	0.000000000	0.000000000	0.000000000	0.000000000	0.000000000	0.000000000	0.000000000	0.000000000	0.000000000	0.000000000	0.000000000	0.000000000	0.000000000	0.000000000	0.000000000	0.000000000	0.756662587	0.146915322	0.002190451	0.608331813	-0.189221985	0.000515320	0.000000000	0.000000000	0.000000000	0.000000000	0.000000000	0.000000000		
0.000000000	0.000000000	0.000000000	0.000000000	0.000000000	0.000000000	0.000000000	0.000000000	0.000000000	0.000000000	0.000000000	0.000000000	0.000000000	0.000000000	0.000000000	0.000000000	0.000000000	0.000000000	0.000000000	0.000000000	0.000000000	0.000000000	0.000000000	0.000000000	0.000000000	0.000000000	0.000000000	0.000000000	0.000000000	0.000000000	0.000000000	0.000000000	0.000000000	0.000000000	0.000000000	0.000000000	0.000000000	0.000000000	0.000000000	0.000000000	0.000000000	0.000000000	0.000000000	0.000000000	0.000000000	0.000000000	0.000000000	0.000000000	0.000000000	0.000000000	0.000000000	0.000000000	0.000000000	0.000000000	0.000000000	0.000000000	0.000000000	0.000000000	0.000000000	0.000000000	0.000000000	0.000000000	-0.065377209	0.975309001	-0.005547474	-0.095765896	0.187873055	-0.000083334	0.000000000	0.000000000	0.000000000	0.000000000	0.000000000	0.000000000		
0.000000000	0.000000000	0.000000000	0.000000000	0.000000000	0.000000000	0.000000000	0.000000000	0.000000000	0.000000000	0.000000000	0.000000000	0.000000000	0.000000000	0.000000000	0.000000000	0.000000000	0.000000000	0.000000000	0.000000000	0.000000000	0.000000000	0.000000000	0.000000000	0.000000000	0.000000000	0.000000000	0.000000000	0.000000000	0.000000000	0.000000000	0.000000000	0.000000000	0.000000000	0.000000000	0.000000000	0.000000000	0.000000000	0.000000000	0.000000000	0.000000000	0.000000000	0.000000000	0.000000000	0.000000000	0.000000000	0.000000000	0.000000000	0.000000000	0.000000000	0.000000000	0.000000000	0.000000000	0.000000000	0.000000000	0.000000000	0.000000000	0.000000000	0.000000000	0.000000000	0.000000000	0.000000000	-0.000354947	0.009160394	0.999563651	-0.013096052	-0.024838705	-0.000010977	0.000000000	0.000000000	0.000000000	0.000000000	0.000000000	0.000000000		
0.000000000	0.000000000	0.000000000	0.000000000	0.000000000	0.000000000	0.000000000	0.000000000	0.000000000	0.000000000	0.000000000	0.000000000	0.000000000	0.000000000	0.000000000	0.000000000	0.000000000	0.000000000	0.000000000	0.000000000	0.000000000	0.000000000	0.000000000	0.000000000	0.000000000	0.000000000	0.000000000	0.000000000	0.000000000	0.000000000	0.000000000	0.000000000	0.000000000	0.000000000	0.000000000	0.000000000	0.000000000	0.000000000	0.000000000	0.000000000	0.000000000	0.000000000	0.000000000	0.000000000	0.000000000	0.000000000	0.000000000	0.000000000	0.000000000	0.000000000	0.000000000	0.000000000	0.000000000	0.000000000	0.000000000	0.000000000	0.000000000	0.000000000	0.000000000	0.000000000	0.000000000	0.000000000	-0.401104215	0.161155461	-0.021108412	0.185661940	-0.882172534	0.000157721	0.000000000	0.000000000	0.000000000	0.000000000	0.000000000	0.000000000		
0.000000000	0.000000000	0.000000000	0.000000000	0.000000000	0.000000000	0.000000000	0.000000000	0.000000000	0.000000000	0.000000000	0.000000000	0.000000000	0.000000000	0.000000000	0.000000000	0.000000000	0.000000000	0.000000000	0.000000000	0.000000000	0.000000000	0.000000000	0.000000000	0.000000000	0.000000000	0.000000000	0.000000000	0.000000000	0.000000000	0.000000000	0.000000000	0.000000000	0.000000000	0.000000000	0.000000000	0.000000000	0.000000000	0.000000000	0.000000000	0.000000000	0.000000000	0.000000000	0.000000000	0.000000000	0.000000000	0.000000000	0.000000000	0.000000000	0.000000000	0.000000000	0.000000000	0.000000000	0.000000000	0.000000000	0.000000000	0.000000000	0.000000000	0.000000000	0.000000000	0.000000000	0.000000000	-0.512155086	-0.033663707	0.019783052	0.765583906	0.387367287	0.000649139	0.000000000	0.000000000	0.000000000	0.000000000	0.000000000	0.000000000		
0.000000000	0.000000000	0.000000000	0.000000000	0.000000000	0.000000000	0.000000000	0.000000000	0.000000000	0.000000000	0.000000000	0.000000000	0.000000000	0.000000000	0.000000000	0.000000000	0.000000000	0.000000000	0.000000000	0.000000000	0.000000000	0.000000000	0.000000000	0.000000000	0.000000000	0.000000000	0.000000000	0.000000000	0.000000000	0.000000000	0.000000000	0.000000000	0.000000000	0.000000000	0.000000000	0.000000000	0.000000000	0.000000000	0.000000000	0.000000000	0.000000000	0.000000000	0.000000000	0.000000000	0.000000000	0.000000000	0.000000000	0.000000000	0.000000000	0.000000000	0.000000000	0.000000000	0.000000000	0.000000000	0.000000000	0.000000000	0.000000000	0.000000000	0.000000000	0.000000000	0.000000000	0.000000000	0.000000347	0.000002103	-0.000000132	-0.000847863	0.000000575	0.999999641	0.000000000	0.000000000	0.000000000	0.000000000	0.000000000	0.000000000		
0.000000000	0.000000000	0.000000000	0.000000000	0.000000000	0.000000000	0.000000000	0.000000000	0.000000000	0.000000000	0.000000000	0.000000000	0.000000000	0.000000000	0.000000000	0.000000000	0.000000000	0.000000000	0.000000000	0.000000000	0.000000000	0.000000000	0.000000000	0.000000000	0.000000000	0.000000000	0.000000000	0.000000000	0.000000000	0.000000000	0.000000000	0.000000000	0.000000000	0.000000000	0.000000000	0.000000000	0.000000000	0.000000000	0.000000000	0.000000000	0.000000000	0.000000000	0.000000000	0.000000000	0.000000000	0.000000000	0.000000000	0.000000000	0.000000000	0.000000000	0.000000000	0.000000000	0.000000000	0.000000000	0.000000000	0.000000000	0.000000000	0.000000000	0.000000000	0.000000000	0.000000000	0.000000000	0.000000000	0.000000000	0.000000000	0.000000000	0.000000000	0.000000000	0.945912971	0.012676005	0.009128648	0.207619571	-0.248794534	0.000174633		
0.000000000	0.000000000	0.000000000	0.000000000	0.000000000	0.000000000	0.000000000	0.000000000	0.000000000	0.000000000	0.000000000	0.000000000	0.000000000	0.000000000	0.000000000	0.000000000	0.000000000	0.000000000	0.000000000	0.000000000	0.000000000	0.000000000	0.000000000	0.000000000	0.000000000	0.000000000	0.000000000	0.000000000	0.000000000	0.000000000	0.000000000	0.000000000	0.000000000	0.000000000	0.000000000	0.000000000	0.000000000	0.000000000	0.000000000	0.000000000	0.000000000	0.000000000	0.000000000	0.000000000	0.000000000	0.000000000	0.000000000	0.000000000	0.000000000	0.000000000	0.000000000	0.000000000	0.000000000	0.000000000	0.000000000	0.000000000	0.000000000	0.000000000	0.000000000	0.000000000	0.000000000	0.000000000	0.000000000	0.000000000	0.000000000	0.000000000	0.000000000	0.000000000	-0.043912041	0.978828679	-0.005465894	-0.079280115	-0.183441906	-0.000069371		
0.000000000	0.000000000	0.000000000	0.000000000	0.000000000	0.000000000	0.000000000	0.000000000	0.000000000	0.000000000	0.000000000	0.000000000	0.000000000	0.000000000	0.000000000	0.000000000	0.000000000	0.000000000	0.000000000	0.000000000	0.000000000	0.000000000	0.000000000	0.000000000	0.000000000	0.000000000	0.000000000	0.000000000	0.000000000	0.000000000	0.000000000	0.000000000	0.000000000	0.000000000	0.000000000	0.000000000	0.000000000	0.000000000	0.000000000	0.000000000	0.000000000	0.000000000	0.000000000	0.000000000	0.000000000	0.000000000	0.000000000	0.000000000	0.000000000	0.000000000	0.000000000	0.000000000	0.000000000	0.000000000	0.000000000	0.000000000	0.000000000	0.000000000	0.000000000	0.000000000	0.000000000	0.000000000	0.000000000	0.000000000	0.000000000	0.000000000	0.000000000	0.000000000	-0.000361005	0.009159031	0.999563644	-0.013100975	0.024836818	-0.000010981		
0.000000000	0.000000000	0.000000000	0.000000000	0.000000000	0.000000000	0.000000000	0.000000000	0.000000000	0.000000000	0.000000000	0.000000000	0.000000000	0.000000000	0.000000000	0.000000000	0.000000000	0.000000000	0.000000000	0.000000000	0.000000000	0.000000000	0.000000000	0.000000000	0.000000000	0.000000000	0.000000000	0.000000000	0.000000000	0.000000000	0.000000000	0.000000000	0.000000000	0.000000000	0.000000000	0.000000000	0.000000000	0.000000000	0.000000000	0.000000000	0.000000000	0.000000000	0.000000000	0.000000000	0.000000000	0.000000000	0.000000000	0.000000000	0.000000000	0.000000000	0.000000000	0.000000000	0.000000000	0.000000000	0.000000000	0.000000000	0.000000000	0.000000000	0.000000000	0.000000000	0.000000000	0.000000000	0.000000000	0.000000000	0.000000000	0.000000000	0.000000000	0.000000000	0.161297740	0.203967982	-0.019862865	0.337431960	0.904502714	0.000284393		
0.000000000	0.000000000	0.000000000	0.000000000	0.000000000	0.000000000	0.000000000	0.000000000	0.000000000	0.000000000	0.000000000	0.000000000	0.000000000	0.000000000	0.000000000	0.000000000	0.000000000	0.000000000	0.000000000	0.000000000	0.000000000	0.000000000	0.000000000	0.000000000	0.000000000	0.000000000	0.000000000	0.000000000	0.000000000	0.000000000	0.000000000	0.000000000	0.000000000	0.000000000	0.000000000	0.000000000	0.000000000	0.000000000	0.000000000	0.000000000	0.000000000	0.000000000	0.000000000	0.000000000	0.000000000	0.000000000	0.000000000	0.000000000	0.000000000	0.000000000	0.000000000	0.000000000	0.000000000	0.000000000	0.000000000	0.000000000	0.000000000	0.000000000	0.000000000	0.000000000	0.000000000	0.000000000	0.000000000	0.000000000	0.000000000	0.000000000	0.000000000	0.000000000	0.278034695	-0.006849149	-0.019099208	-0.914645339	0.292759833	-0.000774991		
0.000000000	0.000000000	0.000000000	0.000000000	0.000000000	0.000000000	0.000000000	0.000000000	0.000000000	0.000000000	0.000000000	0.000000000	0.000000000	0.000000000	0.000000000	0.000000000	0.000000000	0.000000000	0.000000000	0.000000000	0.000000000	0.000000000	0.000000000	0.000000000	0.000000000	0.000000000	0.000000000	0.000000000	0.000000000	0.000000000	0.000000000	0.000000000	0.000000000	0.000000000	0.000000000	0.000000000	0.000000000	0.000000000	0.000000000	0.000000000	0.000000000	0.000000000	0.000000000	0.000000000	0.000000000	0.000000000	0.000000000	0.000000000	0.000000000	0.000000000	0.000000000	0.000000000	0.000000000	0.000000000	0.000000000	0.000000000	0.000000000	0.000000000	0.000000000	0.000000000	0.000000000	0.000000000	0.000000000	0.000000000	0.000000000	0.000000000	0.000000000	0.000000000	0.000001364	0.000002475	-0.000000150	-0.000846706	0.000000647	0.999999642		