AHOs in NAO basis
86	86
A1*: R1*s(0)	A1*: R2*s(0)	A1*: R3*s(0)	A1: R4*s(0)	A1: R5*s(0)	A1*: R6*p(0)	A1*: R6*p(1)	A1*: R6*p(-1)	A1*: R7*p(0)	A1*: R7*p(1)	A1*: R7*p(-1)	A1: R8*p(0)	A1: R8*p(1)	A1: R8*p(-1)	A1*: R9*d(0)	A1*: R9*d(1)	A1*: R9*d(-1)	A1*: R9*d(2)	A1*: R9*d(-2)	A1*: R10*d(0)	A1*: R10*d(1)	A1*: R10*d(-1)	A1*: R10*d(2)	A1*: R10*d(-2)	A1*: R11*f(0)	A1*: R11*f(1)	A1*: R11*f(-1)	A1*: R11*f(2)	A1*: R11*f(-2)	A1*: R11*f(3)	A1*: R11*f(-3)	A2*: R12*s(0)	A2*: R13*s(0)	A2*: R14*s(0)	A2: R15*s(0)	A2: R16*s(0)	A2*: R17*p(0)	A2*: R17*p(1)	A2*: R17*p(-1)	A2*: R18*p(0)	A2*: R18*p(1)	A2*: R18*p(-1)	A2: R19*p(0)	A2: R19*p(1)	A2: R19*p(-1)	A2*: R20*d(0)	A2*: R20*d(1)	A2*: R20*d(-1)	A2*: R20*d(2)	A2*: R20*d(-2)	A2*: R21*d(0)	A2*: R21*d(1)	A2*: R21*d(-1)	A2*: R21*d(2)	A2*: R21*d(-2)	A2*: R22*f(0)	A2*: R22*f(1)	A2*: R22*f(-1)	A2*: R22*f(2)	A2*: R22*f(-2)	A2*: R22*f(3)	A2*: R22*f(-3)	A3*: R23*s(0)	A3*: R24*s(0)	A3: R25*s(0)	A3*: R26*p(0)	A3*: R26*p(1)	A3*: R26*p(-1)	A4*: R27*s(0)	A4*: R28*s(0)	A4: R29*s(0)	A4*: R30*p(0)	A4*: R30*p(1)	A4*: R30*p(-1)	A5*: R31*s(0)	A5*: R32*s(0)	A5: R33*s(0)	A5*: R34*p(0)	A5*: R34*p(1)	A5*: R34*p(-1)	A6*: R35*s(0)	A6*: R36*s(0)	A6: R37*s(0)	A6*: R38*p(0)	A6*: R38*p(1)	A6*: R38*p(-1)	

0.021936921	0.035792800	-0.003351120	0.000354386	-0.000054704	0.011735064	-0.083782888	0.040912180	-0.002768885	0.004758051	-0.031622489	-0.000358819	0.000490648	-0.001969503	0.018511514	-0.256723029	0.005905480	-0.060977230	-0.059584283	-0.004588365	0.125755708	-0.001132843	0.021111375	-0.006920720	-0.063873010	0.030246250	-0.038501680	-0.941997053	0.017047776	-0.020889555	0.062570293	0.000000000	0.000000000	0.000000000	0.000000000	0.000000000	0.000000000	0.000000000	0.000000000	0.000000000	0.000000000	0.000000000	0.000000000	0.000000000	0.000000000	0.000000000	0.000000000	0.000000000	0.000000000	0.000000000	0.000000000	0.000000000	0.000000000	0.000000000	0.000000000	0.000000000	0.000000000	0.000000000	0.000000000	0.000000000	0.000000000	0.000000000	0.000000000	0.000000000	0.000000000	0.000000000	0.000000000	0.000000000	0.000000000	0.000000000	0.000000000	0.000000000	0.000000000	0.000000000	0.000000000	0.000000000	0.000000000	0.000000000	0.000000000	0.000000000	0.000000000	0.000000000	0.000000000	0.000000000	0.000000000	0.000000000		
0.028581662	0.009476406	-0.568416799	-0.007432767	0.000449735	0.097081771	-0.016886418	-0.004202563	-0.498535596	0.002519951	-0.004356705	-0.031499385	0.000056653	-0.000838036	-0.026543234	-0.001108330	0.025737582	0.315062296	-0.002691948	-0.258767018	0.009388241	0.002347947	0.471264260	0.025813443	-0.013082287	-0.085109189	-0.034575237	-0.001960456	0.006493251	0.130690649	0.021685037	0.000000000	0.000000000	0.000000000	0.000000000	0.000000000	0.000000000	0.000000000	0.000000000	0.000000000	0.000000000	0.000000000	0.000000000	0.000000000	0.000000000	0.000000000	0.000000000	0.000000000	0.000000000	0.000000000	0.000000000	0.000000000	0.000000000	0.000000000	0.000000000	0.000000000	0.000000000	0.000000000	0.000000000	0.000000000	0.000000000	0.000000000	0.000000000	0.000000000	0.000000000	0.000000000	0.000000000	0.000000000	0.000000000	0.000000000	0.000000000	0.000000000	0.000000000	0.000000000	0.000000000	0.000000000	0.000000000	0.000000000	0.000000000	0.000000000	0.000000000	0.000000000	0.000000000	0.000000000	0.000000000	0.000000000		
-0.077337567	0.901405439	-0.245971130	0.008469928	-0.000777417	-0.002177133	-0.000869698	-0.007215713	-0.113282280	-0.001365981	0.008283320	0.003297727	0.000523759	-0.000129817	0.014319521	0.010943768	0.001878864	-0.180218146	0.003570681	0.139284457	-0.009287355	0.006971325	-0.199032973	0.027388628	-0.016092014	0.025191910	-0.022564823	0.039455827	-0.004275142	-0.109635977	-0.014970586	0.000000000	0.000000000	0.000000000	0.000000000	0.000000000	0.000000000	0.000000000	0.000000000	0.000000000	0.000000000	0.000000000	0.000000000	0.000000000	0.000000000	0.000000000	0.000000000	0.000000000	0.000000000	0.000000000	0.000000000	0.000000000	0.000000000	0.000000000	0.000000000	0.000000000	0.000000000	0.000000000	0.000000000	0.000000000	0.000000000	0.000000000	0.000000000	0.000000000	0.000000000	0.000000000	0.000000000	0.000000000	0.000000000	0.000000000	0.000000000	0.000000000	0.000000000	0.000000000	0.000000000	0.000000000	0.000000000	0.000000000	0.000000000	0.000000000	0.000000000	0.000000000	0.000000000	0.000000000	0.000000000	0.000000000		
0.000052561	-0.001300342	0.016904518	0.541776765	-0.006115451	-0.004291184	-0.006775660	0.000520841	-0.010125727	0.005901422	-0.000438206	-0.452936888	-0.704549047	0.053747234	0.000191354	0.000151649	-0.000084520	-0.001520006	-0.001912765	-0.015911795	-0.001558883	-0.003710446	-0.020600092	0.020280149	-0.002418916	0.007735942	0.012718389	-0.000907862	0.002017927	0.011337315	-0.007002622	0.000000000	0.000000000	0.000000000	0.000000000	0.000000000	0.000000000	0.000000000	0.000000000	0.000000000	0.000000000	0.000000000	0.000000000	0.000000000	0.000000000	0.000000000	0.000000000	0.000000000	0.000000000	0.000000000	0.000000000	0.000000000	0.000000000	0.000000000	0.000000000	0.000000000	0.000000000	0.000000000	0.000000000	0.000000000	0.000000000	0.000000000	0.000000000	0.000000000	0.000000000	0.000000000	0.000000000	0.000000000	0.000000000	0.000000000	0.000000000	0.000000000	0.000000000	0.000000000	0.000000000	0.000000000	0.000000000	0.000000000	0.000000000	0.000000000	0.000000000	0.000000000	0.000000000	0.000000000	0.000000000	0.000000000		
0.000000893	-0.000022486	0.000268228	0.002152189	0.999929709	0.000702339	0.000000160	-0.000000012	-0.001246625	0.000001745	-0.000000134	-0.011050172	0.000028742	-0.000002178	0.000736070	0.000000030	0.000083868	-0.000171478	-0.000000385	0.002799386	0.000000059	0.000326615	-0.000598609	-0.000000768	0.000000082	0.000288460	-0.000000438	0.000000052	-0.000121648	-0.001655280	0.000000012	0.000000000	0.000000000	0.000000000	0.000000000	0.000000000	0.000000000	0.000000000	0.000000000	0.000000000	0.000000000	0.000000000	0.000000000	0.000000000	0.000000000	0.000000000	0.000000000	0.000000000	0.000000000	0.000000000	0.000000000	0.000000000	0.000000000	0.000000000	0.000000000	0.000000000	0.000000000	0.000000000	0.000000000	0.000000000	0.000000000	0.000000000	0.000000000	0.000000000	0.000000000	0.000000000	0.000000000	0.000000000	0.000000000	0.000000000	0.000000000	0.000000000	0.000000000	0.000000000	0.000000000	0.000000000	0.000000000	0.000000000	0.000000000	0.000000000	0.000000000	0.000000000	0.000000000	0.000000000	0.000000000	0.000000000		
0.012374693	-0.007251367	0.041434812	-0.003841700	0.000583954	-0.975795995	-0.001351239	-0.003666699	-0.207478064	0.001563026	0.024670282	0.010989751	0.000106026	0.000014016	-0.003311381	-0.006482938	0.003759148	0.030054742	-0.001609751	-0.009645040	0.026605734	0.000265756	0.005137504	0.004032594	-0.013328617	0.005379561	-0.000992054	-0.007881505	0.000809028	0.001806813	0.000109282	0.000000000	0.000000000	0.000000000	0.000000000	0.000000000	0.000000000	0.000000000	0.000000000	0.000000000	0.000000000	0.000000000	0.000000000	0.000000000	0.000000000	0.000000000	0.000000000	0.000000000	0.000000000	0.000000000	0.000000000	0.000000000	0.000000000	0.000000000	0.000000000	0.000000000	0.000000000	0.000000000	0.000000000	0.000000000	0.000000000	0.000000000	0.000000000	0.000000000	0.000000000	0.000000000	0.000000000	0.000000000	0.000000000	0.000000000	0.000000000	0.000000000	0.000000000	0.000000000	0.000000000	0.000000000	0.000000000	0.000000000	0.000000000	0.000000000	0.000000000	0.000000000	0.000000000	0.000000000	0.000000000	0.000000000		
0.139950909	0.026831535	-0.008483626	-0.003294388	0.000415594	0.002167222	-0.145383009	0.012851260	-0.028542858	-0.010056609	0.018012707	-0.001272603	0.000711700	0.001338933	-0.145843871	-0.017618969	-0.890109889	-0.066092657	-0.007738658	-0.013420263	0.051776999	-0.148953531	-0.004424067	-0.149613338	0.064233265	-0.141962555	0.229180453	0.008907675	0.074113321	0.092238937	0.020517853	0.000000000	0.000000000	0.000000000	0.000000000	0.000000000	0.000000000	0.000000000	0.000000000	0.000000000	0.000000000	0.000000000	0.000000000	0.000000000	0.000000000	0.000000000	0.000000000	0.000000000	0.000000000	0.000000000	0.000000000	0.000000000	0.000000000	0.000000000	0.000000000	0.000000000	0.000000000	0.000000000	0.000000000	0.000000000	0.000000000	0.000000000	0.000000000	0.000000000	0.000000000	0.000000000	0.000000000	0.000000000	0.000000000	0.000000000	0.000000000	0.000000000	0.000000000	0.000000000	0.000000000	0.000000000	0.000000000	0.000000000	0.000000000	0.000000000	0.000000000	0.000000000	0.000000000	0.000000000	0.000000000	0.000000000		
0.128391442	-0.035859462	0.053702333	-0.003993806	0.000212363	0.000185601	-0.439283381	-0.038953427	-0.038304376	-0.003093453	0.067264604	-0.006285360	-0.000378043	0.000157953	0.033676319	0.078230798	-0.053315770	-0.496184704	-0.122824436	-0.118214141	-0.128080195	0.270439080	0.202343100	0.162208616	-0.150172171	-0.032765159	-0.462578755	0.086339651	0.235397791	0.024180830	0.188661593	0.000000000	0.000000000	0.000000000	0.000000000	0.000000000	0.000000000	0.000000000	0.000000000	0.000000000	0.000000000	0.000000000	0.000000000	0.000000000	0.000000000	0.000000000	0.000000000	0.000000000	0.000000000	0.000000000	0.000000000	0.000000000	0.000000000	0.000000000	0.000000000	0.000000000	0.000000000	0.000000000	0.000000000	0.000000000	0.000000000	0.000000000	0.000000000	0.000000000	0.000000000	0.000000000	0.000000000	0.000000000	0.000000000	0.000000000	0.000000000	0.000000000	0.000000000	0.000000000	0.000000000	0.000000000	0.000000000	0.000000000	0.000000000	0.000000000	0.000000000	0.000000000	0.000000000	0.000000000	0.000000000	0.000000000		
-0.002064276	-0.019840038	-0.032543607	0.000468328	-0.000052008	-0.001390163	-0.048575196	0.003768538	-0.002511444	0.956032222	-0.073016845	0.000148154	0.011954798	-0.000877266	0.001264446	0.017064178	-0.000968935	-0.014837219	-0.222737269	0.010340138	-0.001584358	-0.000382964	-0.022930925	0.021457708	-0.007634343	0.004816428	0.040331663	0.009499363	0.000056231	-0.005663328	-0.153740043	0.000000000	0.000000000	0.000000000	0.000000000	0.000000000	0.000000000	0.000000000	0.000000000	0.000000000	0.000000000	0.000000000	0.000000000	0.000000000	0.000000000	0.000000000	0.000000000	0.000000000	0.000000000	0.000000000	0.000000000	0.000000000	0.000000000	0.000000000	0.000000000	0.000000000	0.000000000	0.000000000	0.000000000	0.000000000	0.000000000	0.000000000	0.000000000	0.000000000	0.000000000	0.000000000	0.000000000	0.000000000	0.000000000	0.000000000	0.000000000	0.000000000	0.000000000	0.000000000	0.000000000	0.000000000	0.000000000	0.000000000	0.000000000	0.000000000	0.000000000	0.000000000	0.000000000	0.000000000	0.000000000	0.000000000		
-0.027277398	-0.090970267	0.415240166	0.023075546	-0.001260963	0.189818972	-0.000050274	0.000004103	-0.821975140	0.000934437	-0.000071236	0.067023504	0.000011166	-0.000000814	-0.002181090	0.000016234	-0.003451869	-0.040975643	-0.000214411	0.125205998	-0.000002079	-0.003640848	-0.263668116	0.000026752	-0.000007346	0.086133194	0.000038423	0.000009021	0.002318330	-0.086739625	-0.000146797	0.000000000	0.000000000	0.000000000	0.000000000	0.000000000	0.000000000	0.000000000	0.000000000	0.000000000	0.000000000	0.000000000	0.000000000	0.000000000	0.000000000	0.000000000	0.000000000	0.000000000	0.000000000	0.000000000	0.000000000	0.000000000	0.000000000	0.000000000	0.000000000	0.000000000	0.000000000	0.000000000	0.000000000	0.000000000	0.000000000	0.000000000	0.000000000	0.000000000	0.000000000	0.000000000	0.000000000	0.000000000	0.000000000	0.000000000	0.000000000	0.000000000	0.000000000	0.000000000	0.000000000	0.000000000	0.000000000	0.000000000	0.000000000	0.000000000	0.000000000	0.000000000	0.000000000	0.000000000	0.000000000	0.000000000		
-0.019415975	0.001176658	-0.002731886	0.000927369	-0.000076207	0.008775232	-0.145850539	-0.337682370	0.009275924	0.001396288	0.156457491	0.000496934	0.000546375	-0.002648285	-0.011174797	-0.822446802	0.017344210	0.061620885	-0.048846635	0.035918747	0.123485660	0.171941656	-0.037648976	0.039157990	0.237021307	-0.004808298	-0.030350468	0.210823241	-0.034102845	0.047602124	-0.050794762	0.000000000	0.000000000	0.000000000	0.000000000	0.000000000	0.000000000	0.000000000	0.000000000	0.000000000	0.000000000	0.000000000	0.000000000	0.000000000	0.000000000	0.000000000	0.000000000	0.000000000	0.000000000	0.000000000	0.000000000	0.000000000	0.000000000	0.000000000	0.000000000	0.000000000	0.000000000	0.000000000	0.000000000	0.000000000	0.000000000	0.000000000	0.000000000	0.000000000	0.000000000	0.000000000	0.000000000	0.000000000	0.000000000	0.000000000	0.000000000	0.000000000	0.000000000	0.000000000	0.000000000	0.000000000	0.000000000	0.000000000	0.000000000	0.000000000	0.000000000	0.000000000	0.000000000	0.000000000	0.000000000	0.000000000		
-0.000114752	0.002755981	-0.034833839	0.640989182	0.007256800	-0.003682675	0.000000135	0.000000010	0.041152546	-0.000003383	0.000000317	0.763751276	-0.000007371	-0.000000716	-0.000553935	-0.000000054	0.000087329	0.002039141	0.000000688	-0.026194640	0.000000026	-0.000418177	0.039796134	-0.000000812	0.000000025	-0.014792827	0.000000019	0.000000001	-0.000054439	0.018512900	-0.000000026	0.000000000	0.000000000	0.000000000	0.000000000	0.000000000	0.000000000	0.000000000	0.000000000	0.000000000	0.000000000	0.000000000	0.000000000	0.000000000	0.000000000	0.000000000	0.000000000	0.000000000	0.000000000	0.000000000	0.000000000	0.000000000	0.000000000	0.000000000	0.000000000	0.000000000	0.000000000	0.000000000	0.000000000	0.000000000	0.000000000	0.000000000	0.000000000	0.000000000	0.000000000	0.000000000	0.000000000	0.000000000	0.000000000	0.000000000	0.000000000	0.000000000	0.000000000	0.000000000	0.000000000	0.000000000	0.000000000	0.000000000	0.000000000	0.000000000	0.000000000	0.000000000	0.000000000	0.000000000	0.000000000	0.000000000		
0.000052573	-0.001299943	0.016904792	0.541776941	-0.006156059	-0.004291315	0.006775977	-0.000520882	-0.010125659	-0.005900029	0.000438083	-0.452923260	0.704557262	-0.053748150	0.000191282	-0.000151637	-0.000084533	-0.001519788	0.001912608	-0.015912067	0.001558848	-0.003710567	-0.020600400	-0.020279360	0.002418947	0.007735588	-0.012718430	0.000907954	0.002017962	0.011337890	0.007001802	0.000000000	0.000000000	0.000000000	0.000000000	0.000000000	0.000000000	0.000000000	0.000000000	0.000000000	0.000000000	0.000000000	0.000000000	0.000000000	0.000000000	0.000000000	0.000000000	0.000000000	0.000000000	0.000000000	0.000000000	0.000000000	0.000000000	0.000000000	0.000000000	0.000000000	0.000000000	0.000000000	0.000000000	0.000000000	0.000000000	0.000000000	0.000000000	0.000000000	0.000000000	0.000000000	0.000000000	0.000000000	0.000000000	0.000000000	0.000000000	0.000000000	0.000000000	0.000000000	0.000000000	0.000000000	0.000000000	0.000000000	0.000000000	0.000000000	0.000000000	0.000000000	0.000000000	0.000000000	0.000000000	0.000000000		
-0.000000025	-0.000000046	-0.000000005	0.000000973	-0.000000007	-0.000000015	-0.001022319	-0.013332947	0.000000063	-0.002915933	-0.037647395	0.000000847	0.075968435	0.995847993	-0.000000038	-0.004977729	0.000000053	-0.000000000	-0.000388557	-0.000000036	0.023166415	-0.000000232	0.000000063	0.001767989	-0.017820231	0.000000015	-0.002817614	0.004530161	-0.000000087	0.000000047	0.000412533	0.000000000	0.000000000	0.000000000	0.000000000	0.000000000	0.000000000	0.000000000	0.000000000	0.000000000	0.000000000	0.000000000	0.000000000	0.000000000	0.000000000	0.000000000	0.000000000	0.000000000	0.000000000	0.000000000	0.000000000	0.000000000	0.000000000	0.000000000	0.000000000	0.000000000	0.000000000	0.000000000	0.000000000	0.000000000	0.000000000	0.000000000	0.000000000	0.000000000	0.000000000	0.000000000	0.000000000	0.000000000	0.000000000	0.000000000	0.000000000	0.000000000	0.000000000	0.000000000	0.000000000	0.000000000	0.000000000	0.000000000	0.000000000	0.000000000	0.000000000	0.000000000	0.000000000	0.000000000	0.000000000	0.000000000		
0.060257064	-0.020420197	0.023063345	-0.002217988	0.000118113	0.009581536	0.366622476	-0.213732480	-0.032746445	0.086145793	0.150466785	-0.005078368	-0.005054267	-0.004018250	0.103859773	-0.231549962	0.050702807	-0.333790206	0.076525859	-0.159544141	-0.018542362	-0.488380042	0.182157681	-0.073202729	-0.396686054	-0.060545541	0.101947554	0.083558251	0.067960713	-0.229128062	0.247812571	0.000000000	0.000000000	0.000000000	0.000000000	0.000000000	0.000000000	0.000000000	0.000000000	0.000000000	0.000000000	0.000000000	0.000000000	0.000000000	0.000000000	0.000000000	0.000000000	0.000000000	0.000000000	0.000000000	0.000000000	0.000000000	0.000000000	0.000000000	0.000000000	0.000000000	0.000000000	0.000000000	0.000000000	0.000000000	0.000000000	0.000000000	0.000000000	0.000000000	0.000000000	0.000000000	0.000000000	0.000000000	0.000000000	0.000000000	0.000000000	0.000000000	0.000000000	0.000000000	0.000000000	0.000000000	0.000000000	0.000000000	0.000000000	0.000000000	0.000000000	0.000000000	0.000000000	0.000000000	0.000000000	0.000000000		
-0.006532604	0.003010180	-0.007814075	-0.000635092	0.000033186	0.016717661	-0.026390105	0.280301654	0.000105523	0.067723399	0.914854061	0.000244812	0.001405957	0.045224182	0.009471208	0.078222742	0.057221625	0.011964622	-0.002705257	-0.007815608	-0.097984996	-0.047639439	-0.001236786	-0.090382593	0.203118552	0.026585806	0.023322241	-0.063586988	0.018182873	0.010287848	-0.005201101	0.000000000	0.000000000	0.000000000	0.000000000	0.000000000	0.000000000	0.000000000	0.000000000	0.000000000	0.000000000	0.000000000	0.000000000	0.000000000	0.000000000	0.000000000	0.000000000	0.000000000	0.000000000	0.000000000	0.000000000	0.000000000	0.000000000	0.000000000	0.000000000	0.000000000	0.000000000	0.000000000	0.000000000	0.000000000	0.000000000	0.000000000	0.000000000	0.000000000	0.000000000	0.000000000	0.000000000	0.000000000	0.000000000	0.000000000	0.000000000	0.000000000	0.000000000	0.000000000	0.000000000	0.000000000	0.000000000	0.000000000	0.000000000	0.000000000	0.000000000	0.000000000	0.000000000	0.000000000	0.000000000	0.000000000		
-0.002498216	0.002075063	-0.001141445	-0.000135733	0.000021811	-0.008715451	0.019103471	0.814596793	-0.001232159	-0.007784619	-0.178016976	0.000335913	0.000411076	0.002728031	-0.008538670	-0.428656366	-0.019163455	0.009369347	-0.013657163	-0.002756469	-0.226167139	0.008528989	-0.005191939	-0.015763375	-0.213210720	0.009586182	-0.024760808	0.144027883	-0.008873621	0.003256542	0.035413850	0.000000000	0.000000000	0.000000000	0.000000000	0.000000000	0.000000000	0.000000000	0.000000000	0.000000000	0.000000000	0.000000000	0.000000000	0.000000000	0.000000000	0.000000000	0.000000000	0.000000000	0.000000000	0.000000000	0.000000000	0.000000000	0.000000000	0.000000000	0.000000000	0.000000000	0.000000000	0.000000000	0.000000000	0.000000000	0.000000000	0.000000000	0.000000000	0.000000000	0.000000000	0.000000000	0.000000000	0.000000000	0.000000000	0.000000000	0.000000000	0.000000000	0.000000000	0.000000000	0.000000000	0.000000000	0.000000000	0.000000000	0.000000000	0.000000000	0.000000000	0.000000000	0.000000000	0.000000000	0.000000000	0.000000000		
0.025055185	0.003387910	0.004117049	-0.004980789	0.000238813	0.006048147	0.494298724	-0.087140237	-0.039737115	0.032214892	0.118125377	-0.003064467	-0.001279520	0.002439911	0.010791795	-0.008234615	-0.120347895	-0.194260658	0.035555930	0.079947635	-0.115455718	0.561805757	0.034194077	-0.012087821	-0.270132707	-0.017203319	0.115095027	-0.056822106	-0.205093107	0.455961590	-0.027034535	0.000000000	0.000000000	0.000000000	0.000000000	0.000000000	0.000000000	0.000000000	0.000000000	0.000000000	0.000000000	0.000000000	0.000000000	0.000000000	0.000000000	0.000000000	0.000000000	0.000000000	0.000000000	0.000000000	0.000000000	0.000000000	0.000000000	0.000000000	0.000000000	0.000000000	0.000000000	0.000000000	0.000000000	0.000000000	0.000000000	0.000000000	0.000000000	0.000000000	0.000000000	0.000000000	0.000000000	0.000000000	0.000000000	0.000000000	0.000000000	0.000000000	0.000000000	0.000000000	0.000000000	0.000000000	0.000000000	0.000000000	0.000000000	0.000000000	0.000000000	0.000000000	0.000000000	0.000000000	0.000000000	0.000000000		
-0.042918330	-0.408526379	-0.658651306	0.010023517	-0.001048697	-0.024848979	0.002348468	-0.000179413	-0.067995660	-0.046648055	0.003564959	0.004307018	-0.000582270	0.000042866	0.025828938	-0.000836670	-0.019953295	-0.304804779	0.010883585	0.214306911	0.000074042	-0.007945580	-0.475204205	-0.001025268	0.000371466	0.100417303	-0.001967098	-0.000464272	0.001220105	-0.117645009	0.007502381	0.000000000	0.000000000	0.000000000	0.000000000	0.000000000	0.000000000	0.000000000	0.000000000	0.000000000	0.000000000	0.000000000	0.000000000	0.000000000	0.000000000	0.000000000	0.000000000	0.000000000	0.000000000	0.000000000	0.000000000	0.000000000	0.000000000	0.000000000	0.000000000	0.000000000	0.000000000	0.000000000	0.000000000	0.000000000	0.000000000	0.000000000	0.000000000	0.000000000	0.000000000	0.000000000	0.000000000	0.000000000	0.000000000	0.000000000	0.000000000	0.000000000	0.000000000	0.000000000	0.000000000	0.000000000	0.000000000	0.000000000	0.000000000	0.000000000	0.000000000	0.000000000	0.000000000	0.000000000	0.000000000	0.000000000		
0.687665246	0.035406238	-0.018491614	0.001073190	0.000354339	0.008814858	0.064976654	0.020882092	-0.010159632	0.000540637	-0.023924210	0.001835739	0.000156290	0.000273440	-0.658927263	-0.008977336	0.246606055	-0.084064825	0.017331225	0.023932358	0.029468298	-0.000041415	-0.047156780	-0.016623341	0.073913048	-0.008218930	0.077922464	0.003099300	0.041948780	-0.007328524	-0.017035873	0.000000000	0.000000000	0.000000000	0.000000000	0.000000000	0.000000000	0.000000000	0.000000000	0.000000000	0.000000000	0.000000000	0.000000000	0.000000000	0.000000000	0.000000000	0.000000000	0.000000000	0.000000000	0.000000000	0.000000000	0.000000000	0.000000000	0.000000000	0.000000000	0.000000000	0.000000000	0.000000000	0.000000000	0.000000000	0.000000000	0.000000000	0.000000000	0.000000000	0.000000000	0.000000000	0.000000000	0.000000000	0.000000000	0.000000000	0.000000000	0.000000000	0.000000000	0.000000000	0.000000000	0.000000000	0.000000000	0.000000000	0.000000000	0.000000000	0.000000000	0.000000000	0.000000000	0.000000000	0.000000000	0.000000000		
-0.128255584	0.003015466	0.010211865	-0.002466782	-0.000083050	-0.007034824	-0.087493601	0.106282691	-0.056637997	-0.006487262	-0.156163639	-0.006999941	-0.002155510	0.000224964	0.058376131	0.003016577	0.185409185	-0.424456820	0.008969625	0.211393861	0.129875148	-0.148638772	0.341822514	-0.217983757	0.368923723	0.300388734	0.311019900	0.039699148	0.072045262	0.365507766	0.085207364	0.000000000	0.000000000	0.000000000	0.000000000	0.000000000	0.000000000	0.000000000	0.000000000	0.000000000	0.000000000	0.000000000	0.000000000	0.000000000	0.000000000	0.000000000	0.000000000	0.000000000	0.000000000	0.000000000	0.000000000	0.000000000	0.000000000	0.000000000	0.000000000	0.000000000	0.000000000	0.000000000	0.000000000	0.000000000	0.000000000	0.000000000	0.000000000	0.000000000	0.000000000	0.000000000	0.000000000	0.000000000	0.000000000	0.000000000	0.000000000	0.000000000	0.000000000	0.000000000	0.000000000	0.000000000	0.000000000	0.000000000	0.000000000	0.000000000	0.000000000	0.000000000	0.000000000	0.000000000	0.000000000	0.000000000		
0.065769714	0.025370351	-0.011428957	-0.001351285	-0.000017894	0.008988585	-0.160777277	-0.087243505	0.031377338	-0.014383299	0.095024925	0.006383520	-0.001407583	-0.006927202	-0.010689471	-0.009108338	0.056994618	0.273907238	-0.127781219	0.407172189	0.051228805	-0.359195888	-0.130825587	0.018176409	-0.400989949	0.060057319	-0.197406750	0.037139650	0.144330661	0.557502285	0.070542662	0.000000000	0.000000000	0.000000000	0.000000000	0.000000000	0.000000000	0.000000000	0.000000000	0.000000000	0.000000000	0.000000000	0.000000000	0.000000000	0.000000000	0.000000000	0.000000000	0.000000000	0.000000000	0.000000000	0.000000000	0.000000000	0.000000000	0.000000000	0.000000000	0.000000000	0.000000000	0.000000000	0.000000000	0.000000000	0.000000000	0.000000000	0.000000000	0.000000000	0.000000000	0.000000000	0.000000000	0.000000000	0.000000000	0.000000000	0.000000000	0.000000000	0.000000000	0.000000000	0.000000000	0.000000000	0.000000000	0.000000000	0.000000000	0.000000000	0.000000000	0.000000000	0.000000000	0.000000000	0.000000000	0.000000000		
0.015310781	0.008342495	-0.010582334	0.000024894	-0.000002401	-0.025785622	0.021937937	-0.223172678	-0.005726618	-0.017719508	-0.095912714	0.001170163	0.001544731	0.018846007	-0.003845088	-0.053787487	-0.004996528	0.060427578	-0.090823474	0.057993182	-0.908642622	-0.131842651	-0.008679522	-0.038698098	0.227753218	0.027199673	0.025373341	-0.126230299	0.051171893	0.050281455	0.040094544	0.000000000	0.000000000	0.000000000	0.000000000	0.000000000	0.000000000	0.000000000	0.000000000	0.000000000	0.000000000	0.000000000	0.000000000	0.000000000	0.000000000	0.000000000	0.000000000	0.000000000	0.000000000	0.000000000	0.000000000	0.000000000	0.000000000	0.000000000	0.000000000	0.000000000	0.000000000	0.000000000	0.000000000	0.000000000	0.000000000	0.000000000	0.000000000	0.000000000	0.000000000	0.000000000	0.000000000	0.000000000	0.000000000	0.000000000	0.000000000	0.000000000	0.000000000	0.000000000	0.000000000	0.000000000	0.000000000	0.000000000	0.000000000	0.000000000	0.000000000	0.000000000	0.000000000	0.000000000	0.000000000	0.000000000		
-0.075393844	-0.038718829	0.014439786	0.010529633	-0.000891883	-0.004278424	0.191743194	0.099571711	-0.037456181	-0.000834773	-0.033888529	-0.013339608	0.003102199	0.002788481	0.000051803	0.012594759	0.054299521	-0.102316580	-0.135592842	0.355987909	0.067797493	-0.094325822	0.084691816	0.291398564	0.281820153	-0.752840758	-0.083379828	-0.026292875	-0.023402384	0.029893124	0.153316296	0.000000000	0.000000000	0.000000000	0.000000000	0.000000000	0.000000000	0.000000000	0.000000000	0.000000000	0.000000000	0.000000000	0.000000000	0.000000000	0.000000000	0.000000000	0.000000000	0.000000000	0.000000000	0.000000000	0.000000000	0.000000000	0.000000000	0.000000000	0.000000000	0.000000000	0.000000000	0.000000000	0.000000000	0.000000000	0.000000000	0.000000000	0.000000000	0.000000000	0.000000000	0.000000000	0.000000000	0.000000000	0.000000000	0.000000000	0.000000000	0.000000000	0.000000000	0.000000000	0.000000000	0.000000000	0.000000000	0.000000000	0.000000000	0.000000000	0.000000000	0.000000000	0.000000000	0.000000000	0.000000000	0.000000000		
0.001032524	-0.004322338	-0.002486418	-0.000541841	0.000031116	0.004067979	0.024397867	-0.011219154	-0.015948482	-0.246914609	0.021980192	-0.002008659	-0.000840398	-0.002364776	0.032615534	0.023700583	0.073117805	-0.074785290	-0.844615609	-0.079782967	0.034200761	0.004125573	0.023941350	-0.231925460	-0.122585877	-0.079749846	0.145371839	0.036151203	-0.007025928	-0.085313794	-0.313865774	0.000000000	0.000000000	0.000000000	0.000000000	0.000000000	0.000000000	0.000000000	0.000000000	0.000000000	0.000000000	0.000000000	0.000000000	0.000000000	0.000000000	0.000000000	0.000000000	0.000000000	0.000000000	0.000000000	0.000000000	0.000000000	0.000000000	0.000000000	0.000000000	0.000000000	0.000000000	0.000000000	0.000000000	0.000000000	0.000000000	0.000000000	0.000000000	0.000000000	0.000000000	0.000000000	0.000000000	0.000000000	0.000000000	0.000000000	0.000000000	0.000000000	0.000000000	0.000000000	0.000000000	0.000000000	0.000000000	0.000000000	0.000000000	0.000000000	0.000000000	0.000000000	0.000000000	0.000000000	0.000000000	0.000000000		
-0.007023183	0.002374359	-0.006701089	0.000098273	-0.000079212	0.001637193	-0.415700239	-0.054969221	-0.021381041	0.031987527	0.001278193	-0.002941168	0.000197867	-0.001343319	0.097379557	0.008918263	0.255246055	0.016427246	0.242469037	-0.010779827	-0.087613131	0.186760732	-0.116276287	-0.398259785	-0.244881187	-0.474002531	0.421748192	-0.003481976	0.095857247	0.013143648	0.045930500	0.000000000	0.000000000	0.000000000	0.000000000	0.000000000	0.000000000	0.000000000	0.000000000	0.000000000	0.000000000	0.000000000	0.000000000	0.000000000	0.000000000	0.000000000	0.000000000	0.000000000	0.000000000	0.000000000	0.000000000	0.000000000	0.000000000	0.000000000	0.000000000	0.000000000	0.000000000	0.000000000	0.000000000	0.000000000	0.000000000	0.000000000	0.000000000	0.000000000	0.000000000	0.000000000	0.000000000	0.000000000	0.000000000	0.000000000	0.000000000	0.000000000	0.000000000	0.000000000	0.000000000	0.000000000	0.000000000	0.000000000	0.000000000	0.000000000	0.000000000	0.000000000	0.000000000	0.000000000	0.000000000	0.000000000		
0.004479414	-0.013188349	0.008044866	-0.001431919	0.000085536	0.004917590	-0.212525012	0.001018235	-0.000169370	-0.075749492	0.081020190	0.000069374	0.035234344	-0.001020040	0.018136584	0.001376835	0.025689982	-0.059032109	-0.013040382	-0.027067982	-0.071866586	-0.048065188	0.040556514	0.757543493	-0.164900463	0.085910872	0.538755716	-0.013302406	-0.008233757	0.014179351	-0.165395294	0.000000000	0.000000000	0.000000000	0.000000000	0.000000000	0.000000000	0.000000000	0.000000000	0.000000000	0.000000000	0.000000000	0.000000000	0.000000000	0.000000000	0.000000000	0.000000000	0.000000000	0.000000000	0.000000000	0.000000000	0.000000000	0.000000000	0.000000000	0.000000000	0.000000000	0.000000000	0.000000000	0.000000000	0.000000000	0.000000000	0.000000000	0.000000000	0.000000000	0.000000000	0.000000000	0.000000000	0.000000000	0.000000000	0.000000000	0.000000000	0.000000000	0.000000000	0.000000000	0.000000000	0.000000000	0.000000000	0.000000000	0.000000000	0.000000000	0.000000000	0.000000000	0.000000000	0.000000000	0.000000000	0.000000000		
0.666091124	0.036937921	-0.014665775	0.001516978	-0.000615330	0.007081462	-0.001876374	0.046876351	-0.017235483	-0.004542621	-0.041336624	0.002642134	0.000098145	0.000756564	0.703073907	0.010173383	-0.010286943	0.042268174	-0.001876636	0.035948879	0.034061193	-0.019092703	-0.044445058	0.012964628	0.141899057	0.012546423	0.008602363	0.018922716	-0.167250364	0.021411380	-0.005160032	0.000000000	0.000000000	0.000000000	0.000000000	0.000000000	0.000000000	0.000000000	0.000000000	0.000000000	0.000000000	0.000000000	0.000000000	0.000000000	0.000000000	0.000000000	0.000000000	0.000000000	0.000000000	0.000000000	0.000000000	0.000000000	0.000000000	0.000000000	0.000000000	0.000000000	0.000000000	0.000000000	0.000000000	0.000000000	0.000000000	0.000000000	0.000000000	0.000000000	0.000000000	0.000000000	0.000000000	0.000000000	0.000000000	0.000000000	0.000000000	0.000000000	0.000000000	0.000000000	0.000000000	0.000000000	0.000000000	0.000000000	0.000000000	0.000000000	0.000000000	0.000000000	0.000000000	0.000000000	0.000000000	0.000000000		
0.045841333	0.013398165	-0.012858321	0.000750479	-0.000158343	0.001008671	0.278983433	0.026396991	0.014595498	0.003189004	-0.018128392	0.003232479	0.000604690	0.000062429	0.140424519	-0.023133320	-0.011868787	0.139117388	-0.012785373	0.024916251	0.058510420	0.193998058	-0.051432142	0.051762583	0.076796237	0.043037790	0.109188725	-0.006618002	0.899990104	-0.041257392	-0.012013157	0.000000000	0.000000000	0.000000000	0.000000000	0.000000000	0.000000000	0.000000000	0.000000000	0.000000000	0.000000000	0.000000000	0.000000000	0.000000000	0.000000000	0.000000000	0.000000000	0.000000000	0.000000000	0.000000000	0.000000000	0.000000000	0.000000000	0.000000000	0.000000000	0.000000000	0.000000000	0.000000000	0.000000000	0.000000000	0.000000000	0.000000000	0.000000000	0.000000000	0.000000000	0.000000000	0.000000000	0.000000000	0.000000000	0.000000000	0.000000000	0.000000000	0.000000000	0.000000000	0.000000000	0.000000000	0.000000000	0.000000000	0.000000000	0.000000000	0.000000000	0.000000000	0.000000000	0.000000000	0.000000000	0.000000000		
-0.061600471	0.049732364	0.020223387	-0.032911504	0.002634530	0.001242533	0.051760295	0.042218388	-0.007676086	0.005745691	-0.058831226	0.015781003	-0.000026755	0.000166452	0.014765805	0.000963798	0.098623850	-0.095498829	-0.081172394	-0.669771701	0.053287585	-0.156134247	-0.443548306	0.091690501	0.181998014	-0.127146935	-0.006323586	-0.002869042	0.029023730	0.446272577	0.167391507	0.000000000	0.000000000	0.000000000	0.000000000	0.000000000	0.000000000	0.000000000	0.000000000	0.000000000	0.000000000	0.000000000	0.000000000	0.000000000	0.000000000	0.000000000	0.000000000	0.000000000	0.000000000	0.000000000	0.000000000	0.000000000	0.000000000	0.000000000	0.000000000	0.000000000	0.000000000	0.000000000	0.000000000	0.000000000	0.000000000	0.000000000	0.000000000	0.000000000	0.000000000	0.000000000	0.000000000	0.000000000	0.000000000	0.000000000	0.000000000	0.000000000	0.000000000	0.000000000	0.000000000	0.000000000	0.000000000	0.000000000	0.000000000	0.000000000	0.000000000	0.000000000	0.000000000	0.000000000	0.000000000	0.000000000		
-0.000968486	0.018196375	-0.014327905	0.006537900	-0.000439466	-0.000672709	-0.031547378	-0.006119279	0.036997227	0.046256497	0.009368169	0.002747212	-0.001787956	-0.000275807	-0.040243985	0.052047597	-0.014002880	0.221561469	-0.315289284	0.066281459	0.044459045	0.203689010	-0.047356549	0.031929958	0.004815738	0.171146806	0.227946941	0.049308634	-0.106879990	-0.140475666	0.822055103	0.000000000	0.000000000	0.000000000	0.000000000	0.000000000	0.000000000	0.000000000	0.000000000	0.000000000	0.000000000	0.000000000	0.000000000	0.000000000	0.000000000	0.000000000	0.000000000	0.000000000	0.000000000	0.000000000	0.000000000	0.000000000	0.000000000	0.000000000	0.000000000	0.000000000	0.000000000	0.000000000	0.000000000	0.000000000	0.000000000	0.000000000	0.000000000	0.000000000	0.000000000	0.000000000	0.000000000	0.000000000	0.000000000	0.000000000	0.000000000	0.000000000	0.000000000	0.000000000	0.000000000	0.000000000	0.000000000	0.000000000	0.000000000	0.000000000	0.000000000	0.000000000	0.000000000	0.000000000	0.000000000	0.000000000		
0.000000000	0.000000000	0.000000000	0.000000000	0.000000000	0.000000000	0.000000000	0.000000000	0.000000000	0.000000000	0.000000000	0.000000000	0.000000000	0.000000000	0.000000000	0.000000000	0.000000000	0.000000000	0.000000000	0.000000000	0.000000000	0.000000000	0.000000000	0.000000000	0.000000000	0.000000000	0.000000000	0.000000000	0.000000000	0.000000000	0.000000000	0.456059631	-0.057744558	-0.019334858	-0.000015867	-0.000563852	-0.024972091	0.023060263	0.000329399	0.022258598	0.001466812	-0.000615852	-0.000576448	0.000056134	0.000089692	0.834810112	-0.027142748	-0.095896544	0.135068728	-0.056913038	0.006972285	-0.001511594	-0.218527053	0.001955760	0.019097814	-0.002595730	0.033051856	0.012700208	0.020320905	-0.052375765	0.008496368	-0.075242492	0.000000000	0.000000000	0.000000000	0.000000000	0.000000000	0.000000000	0.000000000	0.000000000	0.000000000	0.000000000	0.000000000	0.000000000	0.000000000	0.000000000	0.000000000	0.000000000	0.000000000	0.000000000	0.000000000	0.000000000	0.000000000	0.000000000	0.000000000	0.000000000		
0.000000000	0.000000000	0.000000000	0.000000000	0.000000000	0.000000000	0.000000000	0.000000000	0.000000000	0.000000000	0.000000000	0.000000000	0.000000000	0.000000000	0.000000000	0.000000000	0.000000000	0.000000000	0.000000000	0.000000000	0.000000000	0.000000000	0.000000000	0.000000000	0.000000000	0.000000000	0.000000000	0.000000000	0.000000000	0.000000000	0.000000000	0.051324412	0.851342848	-0.251373340	0.002503388	-0.000362369	-0.019138150	0.023867724	-0.001073334	0.137293426	0.015562119	0.008520647	-0.003183568	-0.008879127	0.001370262	0.080940311	0.004632377	-0.021734672	-0.260369779	0.016062362	-0.017083669	-0.000278494	0.061104126	-0.172710098	0.246437860	0.007709134	-0.093421584	-0.069819452	0.000983001	-0.000805941	0.053940163	0.054216358	0.000000000	0.000000000	0.000000000	0.000000000	0.000000000	0.000000000	0.000000000	0.000000000	0.000000000	0.000000000	0.000000000	0.000000000	0.000000000	0.000000000	0.000000000	0.000000000	0.000000000	0.000000000	0.000000000	0.000000000	0.000000000	0.000000000	0.000000000	0.000000000		
0.000000000	0.000000000	0.000000000	0.000000000	0.000000000	0.000000000	0.000000000	0.000000000	0.000000000	0.000000000	0.000000000	0.000000000	0.000000000	0.000000000	0.000000000	0.000000000	0.000000000	0.000000000	0.000000000	0.000000000	0.000000000	0.000000000	0.000000000	0.000000000	0.000000000	0.000000000	0.000000000	0.000000000	0.000000000	0.000000000	0.000000000	-0.031179302	0.041971646	-0.571073309	-0.001729710	0.000037022	-0.160348541	-0.012521523	0.002117400	0.455598556	-0.004096313	0.000183885	0.031297766	0.003737983	-0.000316357	-0.093100018	-0.006062516	0.032186757	0.439746890	-0.013940565	-0.108582930	0.002222401	-0.044425624	0.432064357	-0.108091567	-0.000556987	0.106962879	0.021877913	-0.000571304	0.000068883	-0.094471505	-0.019891090	0.000000000	0.000000000	0.000000000	0.000000000	0.000000000	0.000000000	0.000000000	0.000000000	0.000000000	0.000000000	0.000000000	0.000000000	0.000000000	0.000000000	0.000000000	0.000000000	0.000000000	0.000000000	0.000000000	0.000000000	0.000000000	0.000000000	0.000000000	0.000000000		
0.000000000	0.000000000	0.000000000	0.000000000	0.000000000	0.000000000	0.000000000	0.000000000	0.000000000	0.000000000	0.000000000	0.000000000	0.000000000	0.000000000	0.000000000	0.000000000	0.000000000	0.000000000	0.000000000	0.000000000	0.000000000	0.000000000	0.000000000	0.000000000	0.000000000	0.000000000	0.000000000	0.000000000	0.000000000	0.000000000	0.000000000	0.000052561	-0.001299976	0.016904837	0.541776569	-0.006156004	0.004291448	0.006775928	-0.000520874	0.010125578	-0.005900170	0.000438114	0.452936171	0.704549302	-0.053747395	0.000191254	0.000151636	-0.000084537	-0.001519858	-0.001912534	-0.015912119	-0.001558880	-0.003710487	-0.020599731	0.020280118	0.002418906	-0.007735829	-0.012718290	0.000907864	-0.002017933	-0.011337475	0.007002414	0.000000000	0.000000000	0.000000000	0.000000000	0.000000000	0.000000000	0.000000000	0.000000000	0.000000000	0.000000000	0.000000000	0.000000000	0.000000000	0.000000000	0.000000000	0.000000000	0.000000000	0.000000000	0.000000000	0.000000000	0.000000000	0.000000000	0.000000000	0.000000000		
0.000000000	0.000000000	0.000000000	0.000000000	0.000000000	0.000000000	0.000000000	0.000000000	0.000000000	0.000000000	0.000000000	0.000000000	0.000000000	0.000000000	0.000000000	0.000000000	0.000000000	0.000000000	0.000000000	0.000000000	0.000000000	0.000000000	0.000000000	0.000000000	0.000000000	0.000000000	0.000000000	0.000000000	0.000000000	0.000000000	0.000000000	0.000000893	-0.000022486	0.000268228	0.002152188	0.999929709	-0.000702341	0.000000171	-0.000000011	0.001246628	0.000001729	-0.000000133	0.011050174	0.000028464	-0.000002157	0.000736070	-0.000000030	0.000083867	-0.000171479	0.000000394	0.002799388	-0.000000062	0.000326614	-0.000598609	0.000000796	0.000000081	-0.000288459	-0.000000432	0.000000061	0.000121647	0.001655280	-0.000000078	0.000000000	0.000000000	0.000000000	0.000000000	0.000000000	0.000000000	0.000000000	0.000000000	0.000000000	0.000000000	0.000000000	0.000000000	0.000000000	0.000000000	0.000000000	0.000000000	0.000000000	0.000000000	0.000000000	0.000000000	0.000000000	0.000000000	0.000000000	0.000000000		
0.000000000	0.000000000	0.000000000	0.000000000	0.000000000	0.000000000	0.000000000	0.000000000	0.000000000	0.000000000	0.000000000	0.000000000	0.000000000	0.000000000	0.000000000	0.000000000	0.000000000	0.000000000	0.000000000	0.000000000	0.000000000	0.000000000	0.000000000	0.000000000	0.000000000	0.000000000	0.000000000	0.000000000	0.000000000	0.000000000	0.000000000	-0.004401335	0.043588597	0.006319985	-0.000962717	0.000139359	-0.050390026	0.021032649	0.038853161	0.011614513	-0.026514544	0.223244609	0.004279268	0.001043861	0.010727165	-0.009970510	-0.028110922	-0.006244349	-0.021198389	0.200580769	-0.059970771	0.090127560	-0.003531681	-0.244665841	-0.058304575	0.005640429	0.901863048	-0.090164185	-0.000609193	0.062430401	0.026710692	0.002237959	0.000000000	0.000000000	0.000000000	0.000000000	0.000000000	0.000000000	0.000000000	0.000000000	0.000000000	0.000000000	0.000000000	0.000000000	0.000000000	0.000000000	0.000000000	0.000000000	0.000000000	0.000000000	0.000000000	0.000000000	0.000000000	0.000000000	0.000000000	0.000000000		
0.000000000	0.000000000	0.000000000	0.000000000	0.000000000	0.000000000	0.000000000	0.000000000	0.000000000	0.000000000	0.000000000	0.000000000	0.000000000	0.000000000	0.000000000	0.000000000	0.000000000	0.000000000	0.000000000	0.000000000	0.000000000	0.000000000	0.000000000	0.000000000	0.000000000	0.000000000	0.000000000	0.000000000	0.000000000	0.000000000	0.000000000	-0.148541809	0.119312851	0.021089080	0.002905681	0.000035203	0.313459825	0.086155563	-0.000745710	0.017874402	0.019978420	0.033272799	-0.007333351	0.001361392	0.002182307	-0.179461162	-0.114736112	-0.015627231	0.090149045	-0.266170588	0.141117664	0.006237220	-0.774167526	-0.067022948	0.034655409	-0.009680629	0.050714293	0.039182080	0.010662344	-0.050992260	0.134110225	-0.284973128	0.000000000	0.000000000	0.000000000	0.000000000	0.000000000	0.000000000	0.000000000	0.000000000	0.000000000	0.000000000	0.000000000	0.000000000	0.000000000	0.000000000	0.000000000	0.000000000	0.000000000	0.000000000	0.000000000	0.000000000	0.000000000	0.000000000	0.000000000	0.000000000		
0.000000000	0.000000000	0.000000000	0.000000000	0.000000000	0.000000000	0.000000000	0.000000000	0.000000000	0.000000000	0.000000000	0.000000000	0.000000000	0.000000000	0.000000000	0.000000000	0.000000000	0.000000000	0.000000000	0.000000000	0.000000000	0.000000000	0.000000000	0.000000000	0.000000000	0.000000000	0.000000000	0.000000000	0.000000000	0.000000000	0.000000000	0.019391162	-0.013701546	-0.002043635	-0.000263561	0.000030149	0.024822776	0.110479718	-0.275001272	0.020730961	-0.007155777	0.099283467	0.001636118	-0.001439218	-0.003765381	-0.011436590	0.912037654	0.009367636	-0.060118254	0.082317582	-0.010681597	-0.077611083	-0.098675566	0.054028554	0.029416438	0.131442195	0.024254638	0.032092527	0.040848702	-0.060316379	0.030374938	-0.115854188	0.000000000	0.000000000	0.000000000	0.000000000	0.000000000	0.000000000	0.000000000	0.000000000	0.000000000	0.000000000	0.000000000	0.000000000	0.000000000	0.000000000	0.000000000	0.000000000	0.000000000	0.000000000	0.000000000	0.000000000	0.000000000	0.000000000	0.000000000	0.000000000		
0.000000000	0.000000000	0.000000000	0.000000000	0.000000000	0.000000000	0.000000000	0.000000000	0.000000000	0.000000000	0.000000000	0.000000000	0.000000000	0.000000000	0.000000000	0.000000000	0.000000000	0.000000000	0.000000000	0.000000000	0.000000000	0.000000000	0.000000000	0.000000000	0.000000000	0.000000000	0.000000000	0.000000000	0.000000000	0.000000000	0.000000000	-0.027277247	-0.090971271	0.415240123	0.023075560	-0.001260965	-0.189816842	-0.000046825	0.000003695	0.821975590	0.000919479	-0.000070150	-0.067023515	0.000012283	-0.000000907	-0.002181202	-0.000016475	-0.003452021	-0.040975248	0.000215971	0.125205821	0.000001271	-0.003640964	-0.263668183	-0.000016944	-0.000007606	-0.086133250	0.000040088	0.000009312	-0.002318384	0.086739530	-0.000151764	0.000000000	0.000000000	0.000000000	0.000000000	0.000000000	0.000000000	0.000000000	0.000000000	0.000000000	0.000000000	0.000000000	0.000000000	0.000000000	0.000000000	0.000000000	0.000000000	0.000000000	0.000000000	0.000000000	0.000000000	0.000000000	0.000000000	0.000000000	0.000000000		
0.000000000	0.000000000	0.000000000	0.000000000	0.000000000	0.000000000	0.000000000	0.000000000	0.000000000	0.000000000	0.000000000	0.000000000	0.000000000	0.000000000	0.000000000	0.000000000	0.000000000	0.000000000	0.000000000	0.000000000	0.000000000	0.000000000	0.000000000	0.000000000	0.000000000	0.000000000	0.000000000	0.000000000	0.000000000	0.000000000	0.000000000	-0.002063883	-0.019839786	-0.032543005	0.000468335	-0.000052013	0.001389120	-0.048576941	0.003768027	0.002528959	0.956032285	-0.073017690	-0.000148040	0.011954892	-0.000877313	0.001264466	-0.017064591	-0.000969240	-0.014828859	0.222736623	0.010340540	0.001584113	-0.000383357	-0.022930510	-0.021458861	-0.007634330	-0.004815355	0.040332035	0.009499455	-0.000057163	0.005654423	-0.153740420	0.000000000	0.000000000	0.000000000	0.000000000	0.000000000	0.000000000	0.000000000	0.000000000	0.000000000	0.000000000	0.000000000	0.000000000	0.000000000	0.000000000	0.000000000	0.000000000	0.000000000	0.000000000	0.000000000	0.000000000	0.000000000	0.000000000	0.000000000	0.000000000		
0.000000000	0.000000000	0.000000000	0.000000000	0.000000000	0.000000000	0.000000000	0.000000000	0.000000000	0.000000000	0.000000000	0.000000000	0.000000000	0.000000000	0.000000000	0.000000000	0.000000000	0.000000000	0.000000000	0.000000000	0.000000000	0.000000000	0.000000000	0.000000000	0.000000000	0.000000000	0.000000000	0.000000000	0.000000000	0.000000000	0.000000000	0.041051918	0.169680757	0.006503194	0.001300030	-0.000176222	0.015590029	-0.065038137	0.049996406	-0.016911932	-0.015502130	-0.056844252	-0.003737819	0.016474613	-0.003384976	0.014499123	0.059618188	0.001726070	-0.104681760	0.209717324	0.161534338	0.058220269	-0.229826978	-0.020623469	-0.796319807	0.028351436	-0.111053456	-0.249068273	-0.048661294	-0.078211498	-0.115966164	0.292892787	0.000000000	0.000000000	0.000000000	0.000000000	0.000000000	0.000000000	0.000000000	0.000000000	0.000000000	0.000000000	0.000000000	0.000000000	0.000000000	0.000000000	0.000000000	0.000000000	0.000000000	0.000000000	0.000000000	0.000000000	0.000000000	0.000000000	0.000000000	0.000000000		
0.000000000	0.000000000	0.000000000	0.000000000	0.000000000	0.000000000	0.000000000	0.000000000	0.000000000	0.000000000	0.000000000	0.000000000	0.000000000	0.000000000	0.000000000	0.000000000	0.000000000	0.000000000	0.000000000	0.000000000	0.000000000	0.000000000	0.000000000	0.000000000	0.000000000	0.000000000	0.000000000	0.000000000	0.000000000	0.000000000	0.000000000	0.000114752	-0.002756011	0.034833833	-0.640989284	-0.007256800	-0.003682641	-0.000000098	-0.000000008	0.041152552	0.000002743	-0.000000261	0.763751189	-0.000006753	0.000001800	0.000553936	-0.000000052	-0.000087316	-0.002039153	0.000000792	0.026194658	-0.000000085	0.000418174	-0.039796148	0.000000711	-0.000000076	-0.014792822	0.000000266	0.000000062	-0.000054433	0.018512915	-0.000001008	0.000000000	0.000000000	0.000000000	0.000000000	0.000000000	0.000000000	0.000000000	0.000000000	0.000000000	0.000000000	0.000000000	0.000000000	0.000000000	0.000000000	0.000000000	0.000000000	0.000000000	0.000000000	0.000000000	0.000000000	0.000000000	0.000000000	0.000000000	0.000000000		
0.000000000	0.000000000	0.000000000	0.000000000	0.000000000	0.000000000	0.000000000	0.000000000	0.000000000	0.000000000	0.000000000	0.000000000	0.000000000	0.000000000	0.000000000	0.000000000	0.000000000	0.000000000	0.000000000	0.000000000	0.000000000	0.000000000	0.000000000	0.000000000	0.000000000	0.000000000	0.000000000	0.000000000	0.000000000	0.000000000	0.000000000	-0.000052573	0.001300337	-0.016904477	-0.541777015	0.006115507	-0.004291107	0.006775794	-0.000520828	-0.010125768	-0.005901301	0.000438204	-0.452924124	0.704557029	-0.053747661	-0.000191380	0.000151646	0.000084493	0.001519949	-0.001912805	0.015911738	-0.001558836	0.003710484	0.020600780	0.020279449	0.002418928	0.007735711	-0.012718528	0.000907935	0.002017920	0.011337711	0.007002045	0.000000000	0.000000000	0.000000000	0.000000000	0.000000000	0.000000000	0.000000000	0.000000000	0.000000000	0.000000000	0.000000000	0.000000000	0.000000000	0.000000000	0.000000000	0.000000000	0.000000000	0.000000000	0.000000000	0.000000000	0.000000000	0.000000000	0.000000000	0.000000000		
0.000000000	0.000000000	0.000000000	0.000000000	0.000000000	0.000000000	0.000000000	0.000000000	0.000000000	0.000000000	0.000000000	0.000000000	0.000000000	0.000000000	0.000000000	0.000000000	0.000000000	0.000000000	0.000000000	0.000000000	0.000000000	0.000000000	0.000000000	0.000000000	0.000000000	0.000000000	0.000000000	0.000000000	0.000000000	0.000000000	0.000000000	-0.000000013	-0.000000029	-0.000000023	0.000000996	-0.000000007	0.000000031	-0.001022319	-0.013333072	-0.000000048	-0.002915944	-0.037647360	-0.000000835	0.075968204	0.995848011	0.000000002	0.004977726	-0.000000049	0.000000012	0.000388605	-0.000000087	-0.023166407	0.000000229	0.000000018	-0.001767974	-0.017820223	0.000000017	-0.002817596	0.004530154	-0.000000108	-0.000000031	0.000412539	0.000000000	0.000000000	0.000000000	0.000000000	0.000000000	0.000000000	0.000000000	0.000000000	0.000000000	0.000000000	0.000000000	0.000000000	0.000000000	0.000000000	0.000000000	0.000000000	0.000000000	0.000000000	0.000000000	0.000000000	0.000000000	0.000000000	0.000000000	0.000000000		
0.000000000	0.000000000	0.000000000	0.000000000	0.000000000	0.000000000	0.000000000	0.000000000	0.000000000	0.000000000	0.000000000	0.000000000	0.000000000	0.000000000	0.000000000	0.000000000	0.000000000	0.000000000	0.000000000	0.000000000	0.000000000	0.000000000	0.000000000	0.000000000	0.000000000	0.000000000	0.000000000	0.000000000	0.000000000	0.000000000	0.000000000	-0.005415619	0.157136514	0.002149035	0.017286342	-0.001424814	-0.186606347	-0.209869559	-0.037644114	-0.070329189	-0.058296547	-0.116877801	0.006496341	0.024558819	-0.007622455	0.030653958	0.004445819	-0.009479062	-0.081537382	-0.145760156	0.244099287	-0.071190103	0.153846629	0.064590518	-0.340822262	-0.009553834	0.117688771	0.664923611	0.004212718	0.090154863	0.342913014	-0.229311030	0.000000000	0.000000000	0.000000000	0.000000000	0.000000000	0.000000000	0.000000000	0.000000000	0.000000000	0.000000000	0.000000000	0.000000000	0.000000000	0.000000000	0.000000000	0.000000000	0.000000000	0.000000000	0.000000000	0.000000000	0.000000000	0.000000000	0.000000000	0.000000000		
0.000000000	0.000000000	0.000000000	0.000000000	0.000000000	0.000000000	0.000000000	0.000000000	0.000000000	0.000000000	0.000000000	0.000000000	0.000000000	0.000000000	0.000000000	0.000000000	0.000000000	0.000000000	0.000000000	0.000000000	0.000000000	0.000000000	0.000000000	0.000000000	0.000000000	0.000000000	0.000000000	0.000000000	0.000000000	0.000000000	0.000000000	0.817804737	-0.022415832	-0.009480235	0.001011160	0.000276503	-0.083798222	0.013519716	0.025346005	-0.012386199	0.031325276	0.056353267	-0.001712360	-0.000015031	0.003204447	-0.490525586	-0.005175776	-0.242487552	-0.005098361	-0.108381429	0.023737663	0.015978331	-0.033506301	-0.049475156	0.008910934	0.007400640	-0.011650454	0.014731385	-0.000529861	0.046328597	-0.009326822	0.010314351	0.000000000	0.000000000	0.000000000	0.000000000	0.000000000	0.000000000	0.000000000	0.000000000	0.000000000	0.000000000	0.000000000	0.000000000	0.000000000	0.000000000	0.000000000	0.000000000	0.000000000	0.000000000	0.000000000	0.000000000	0.000000000	0.000000000	0.000000000	0.000000000		
0.000000000	0.000000000	0.000000000	0.000000000	0.000000000	0.000000000	0.000000000	0.000000000	0.000000000	0.000000000	0.000000000	0.000000000	0.000000000	0.000000000	0.000000000	0.000000000	0.000000000	0.000000000	0.000000000	0.000000000	0.000000000	0.000000000	0.000000000	0.000000000	0.000000000	0.000000000	0.000000000	0.000000000	0.000000000	0.000000000	0.000000000	0.242201771	-0.000180276	-0.002354921	0.000755801	-0.000122739	-0.032675165	0.009333378	0.017688737	-0.011249845	0.019700577	0.044228976	-0.001447093	0.000060146	0.002539391	-0.033047500	-0.010858414	0.962655825	-0.025791093	-0.070173588	0.017313793	0.014180201	-0.038747066	-0.037650679	0.006643103	0.005412048	-0.001475569	0.008922305	-0.004870911	0.016200171	0.004229912	-0.000481887	0.000000000	0.000000000	0.000000000	0.000000000	0.000000000	0.000000000	0.000000000	0.000000000	0.000000000	0.000000000	0.000000000	0.000000000	0.000000000	0.000000000	0.000000000	0.000000000	0.000000000	0.000000000	0.000000000	0.000000000	0.000000000	0.000000000	0.000000000	0.000000000		
0.000000000	0.000000000	0.000000000	0.000000000	0.000000000	0.000000000	0.000000000	0.000000000	0.000000000	0.000000000	0.000000000	0.000000000	0.000000000	0.000000000	0.000000000	0.000000000	0.000000000	0.000000000	0.000000000	0.000000000	0.000000000	0.000000000	0.000000000	0.000000000	0.000000000	0.000000000	0.000000000	0.000000000	0.000000000	0.000000000	0.000000000	0.077402610	0.003268612	-0.004209848	0.006817892	-0.000297195	0.721752902	0.052779000	0.016264731	0.163612986	0.114152869	-0.041766218	-0.004013667	-0.001357910	-0.000885752	0.045491866	0.077374771	0.003453087	0.144055969	-0.242067391	0.020177587	-0.014143232	0.280477721	0.025604939	-0.080641138	0.041970494	0.099485003	0.020829299	-0.019810698	0.121768121	0.303879966	0.367269687	0.000000000	0.000000000	0.000000000	0.000000000	0.000000000	0.000000000	0.000000000	0.000000000	0.000000000	0.000000000	0.000000000	0.000000000	0.000000000	0.000000000	0.000000000	0.000000000	0.000000000	0.000000000	0.000000000	0.000000000	0.000000000	0.000000000	0.000000000	0.000000000		
0.000000000	0.000000000	0.000000000	0.000000000	0.000000000	0.000000000	0.000000000	0.000000000	0.000000000	0.000000000	0.000000000	0.000000000	0.000000000	0.000000000	0.000000000	0.000000000	0.000000000	0.000000000	0.000000000	0.000000000	0.000000000	0.000000000	0.000000000	0.000000000	0.000000000	0.000000000	0.000000000	0.000000000	0.000000000	0.000000000	0.000000000	0.042918149	0.408531389	0.658651405	-0.010023339	0.001048679	-0.024854949	-0.002349148	0.000181370	-0.067995971	0.046648001	-0.003563928	0.004307117	0.000582180	-0.000042776	-0.025827509	-0.000833781	0.019956018	0.304800101	0.010873336	-0.214303562	0.000076443	0.007947114	0.475204268	-0.001041804	-0.000371725	0.100418589	0.001965329	0.000463397	0.001221413	-0.117643599	-0.007495769	0.000000000	0.000000000	0.000000000	0.000000000	0.000000000	0.000000000	0.000000000	0.000000000	0.000000000	0.000000000	0.000000000	0.000000000	0.000000000	0.000000000	0.000000000	0.000000000	0.000000000	0.000000000	0.000000000	0.000000000	0.000000000	0.000000000	0.000000000	0.000000000		
0.000000000	0.000000000	0.000000000	0.000000000	0.000000000	0.000000000	0.000000000	0.000000000	0.000000000	0.000000000	0.000000000	0.000000000	0.000000000	0.000000000	0.000000000	0.000000000	0.000000000	0.000000000	0.000000000	0.000000000	0.000000000	0.000000000	0.000000000	0.000000000	0.000000000	0.000000000	0.000000000	0.000000000	0.000000000	0.000000000	0.000000000	0.013960498	0.086485489	-0.005970252	-0.010172034	0.000968509	0.008656049	-0.015025004	-0.170067283	-0.076220703	-0.064204423	-0.575401925	-0.017734291	-0.000139396	-0.031903912	-0.059835852	0.052190302	0.031123894	0.450341335	0.052547272	-0.206103578	-0.266882254	0.017292216	-0.508009976	-0.054741102	-0.058145511	0.028005905	0.048993856	0.045189069	-0.004471979	-0.151910716	-0.031459359	0.000000000	0.000000000	0.000000000	0.000000000	0.000000000	0.000000000	0.000000000	0.000000000	0.000000000	0.000000000	0.000000000	0.000000000	0.000000000	0.000000000	0.000000000	0.000000000	0.000000000	0.000000000	0.000000000	0.000000000	0.000000000	0.000000000	0.000000000	0.000000000		
0.000000000	0.000000000	0.000000000	0.000000000	0.000000000	0.000000000	0.000000000	0.000000000	0.000000000	0.000000000	0.000000000	0.000000000	0.000000000	0.000000000	0.000000000	0.000000000	0.000000000	0.000000000	0.000000000	0.000000000	0.000000000	0.000000000	0.000000000	0.000000000	0.000000000	0.000000000	0.000000000	0.000000000	0.000000000	0.000000000	0.000000000	0.001326560	-0.000899432	0.002518048	0.001194326	-0.000105453	-0.003818298	-0.007726884	-0.213687409	-0.007504087	-0.022029969	-0.274676322	-0.000053623	-0.000946643	0.014064660	-0.004911029	-0.078664789	0.001835977	0.033266560	0.003472649	0.067559255	0.623772154	0.015011675	-0.010895655	0.061519330	0.684503458	0.016713793	0.032168083	0.011287081	0.013409068	-0.047575487	-0.022734912	0.000000000	0.000000000	0.000000000	0.000000000	0.000000000	0.000000000	0.000000000	0.000000000	0.000000000	0.000000000	0.000000000	0.000000000	0.000000000	0.000000000	0.000000000	0.000000000	0.000000000	0.000000000	0.000000000	0.000000000	0.000000000	0.000000000	0.000000000	0.000000000		
0.000000000	0.000000000	0.000000000	0.000000000	0.000000000	0.000000000	0.000000000	0.000000000	0.000000000	0.000000000	0.000000000	0.000000000	0.000000000	0.000000000	0.000000000	0.000000000	0.000000000	0.000000000	0.000000000	0.000000000	0.000000000	0.000000000	0.000000000	0.000000000	0.000000000	0.000000000	0.000000000	0.000000000	0.000000000	0.000000000	0.000000000	-0.002762438	-0.009307653	-0.000708669	0.000304596	-0.000012364	-0.012867790	0.115174289	0.788229286	-0.001717788	-0.040182086	-0.343652170	0.000560504	0.000259718	0.001592536	-0.006803514	0.291711326	0.001899752	0.004911828	0.063730287	-0.008013022	0.312432318	-0.044300751	0.004129467	0.090672229	-0.151460758	0.026954665	0.090102403	-0.120253402	-0.013995858	0.032102588	-0.029474778	0.000000000	0.000000000	0.000000000	0.000000000	0.000000000	0.000000000	0.000000000	0.000000000	0.000000000	0.000000000	0.000000000	0.000000000	0.000000000	0.000000000	0.000000000	0.000000000	0.000000000	0.000000000	0.000000000	0.000000000	0.000000000	0.000000000	0.000000000	0.000000000		
0.000000000	0.000000000	0.000000000	0.000000000	0.000000000	0.000000000	0.000000000	0.000000000	0.000000000	0.000000000	0.000000000	0.000000000	0.000000000	0.000000000	0.000000000	0.000000000	0.000000000	0.000000000	0.000000000	0.000000000	0.000000000	0.000000000	0.000000000	0.000000000	0.000000000	0.000000000	0.000000000	0.000000000	0.000000000	0.000000000	0.000000000	0.000792461	0.010745607	-0.000953586	-0.000389468	0.000026204	0.010041458	-0.011625375	-0.376829263	0.001153796	0.012851965	-0.061363343	-0.000649626	0.003163847	-0.006824187	0.001668351	0.054090602	0.000537299	0.006464873	-0.089491396	0.005526539	0.596021662	0.029177435	-0.015476081	-0.021284037	-0.681775692	-0.005177809	0.004231668	0.140418733	0.000962959	-0.029065027	0.020882844	0.000000000	0.000000000	0.000000000	0.000000000	0.000000000	0.000000000	0.000000000	0.000000000	0.000000000	0.000000000	0.000000000	0.000000000	0.000000000	0.000000000	0.000000000	0.000000000	0.000000000	0.000000000	0.000000000	0.000000000	0.000000000	0.000000000	0.000000000	0.000000000		
0.000000000	0.000000000	0.000000000	0.000000000	0.000000000	0.000000000	0.000000000	0.000000000	0.000000000	0.000000000	0.000000000	0.000000000	0.000000000	0.000000000	0.000000000	0.000000000	0.000000000	0.000000000	0.000000000	0.000000000	0.000000000	0.000000000	0.000000000	0.000000000	0.000000000	0.000000000	0.000000000	0.000000000	0.000000000	0.000000000	0.000000000	0.034444788	0.009083685	-0.001728502	0.015218185	-0.000978540	-0.091322872	-0.014439831	-0.025836808	-0.102457529	-0.098406201	0.100524120	-0.002376546	-0.002847750	0.004882813	-0.043940932	-0.046696753	0.019274939	0.307073086	0.428376812	-0.068517532	0.093774355	-0.006285759	-0.033519764	0.019620832	-0.011528835	-0.186994849	-0.236241913	-0.014796981	-0.008070849	0.749367512	-0.094285444	0.000000000	0.000000000	0.000000000	0.000000000	0.000000000	0.000000000	0.000000000	0.000000000	0.000000000	0.000000000	0.000000000	0.000000000	0.000000000	0.000000000	0.000000000	0.000000000	0.000000000	0.000000000	0.000000000	0.000000000	0.000000000	0.000000000	0.000000000	0.000000000		
0.000000000	0.000000000	0.000000000	0.000000000	0.000000000	0.000000000	0.000000000	0.000000000	0.000000000	0.000000000	0.000000000	0.000000000	0.000000000	0.000000000	0.000000000	0.000000000	0.000000000	0.000000000	0.000000000	0.000000000	0.000000000	0.000000000	0.000000000	0.000000000	0.000000000	0.000000000	0.000000000	0.000000000	0.000000000	0.000000000	0.000000000	0.043773382	-0.043467325	-0.004901451	-0.003612737	0.000272755	0.107465293	0.031537295	-0.071985577	0.080880912	-0.090592095	-0.194964800	0.004677283	-0.000572510	-0.010857077	0.032431519	-0.030010128	0.007667650	-0.223441360	0.248561961	-0.112057117	-0.062527648	-0.145450195	0.147881068	-0.003798808	-0.042726563	-0.029270026	-0.043666815	0.019776634	0.854100124	-0.040572706	-0.127251135	0.000000000	0.000000000	0.000000000	0.000000000	0.000000000	0.000000000	0.000000000	0.000000000	0.000000000	0.000000000	0.000000000	0.000000000	0.000000000	0.000000000	0.000000000	0.000000000	0.000000000	0.000000000	0.000000000	0.000000000	0.000000000	0.000000000	0.000000000	0.000000000		
0.000000000	0.000000000	0.000000000	0.000000000	0.000000000	0.000000000	0.000000000	0.000000000	0.000000000	0.000000000	0.000000000	0.000000000	0.000000000	0.000000000	0.000000000	0.000000000	0.000000000	0.000000000	0.000000000	0.000000000	0.000000000	0.000000000	0.000000000	0.000000000	0.000000000	0.000000000	0.000000000	0.000000000	0.000000000	0.000000000	0.000000000	-0.019974050	0.008431955	0.001053719	0.000470850	-0.000028222	-0.020292335	0.001806053	0.192024402	-0.013347190	0.003494102	0.047525017	-0.000655447	-0.000939103	0.001037210	-0.008725353	0.009965483	0.001872846	0.023444592	-0.003938835	0.001134184	-0.014262854	-0.006529471	-0.015515952	-0.031503153	0.081200320	-0.026612440	0.005859729	0.972427427	0.031448172	0.015231748	0.058241083	0.000000000	0.000000000	0.000000000	0.000000000	0.000000000	0.000000000	0.000000000	0.000000000	0.000000000	0.000000000	0.000000000	0.000000000	0.000000000	0.000000000	0.000000000	0.000000000	0.000000000	0.000000000	0.000000000	0.000000000	0.000000000	0.000000000	0.000000000	0.000000000		
0.000000000	0.000000000	0.000000000	0.000000000	0.000000000	0.000000000	0.000000000	0.000000000	0.000000000	0.000000000	0.000000000	0.000000000	0.000000000	0.000000000	0.000000000	0.000000000	0.000000000	0.000000000	0.000000000	0.000000000	0.000000000	0.000000000	0.000000000	0.000000000	0.000000000	0.000000000	0.000000000	0.000000000	0.000000000	0.000000000	0.000000000	-0.013999578	-0.022760829	0.000710968	0.001591598	-0.000146693	-0.138410941	0.703296479	-0.127941332	-0.029427398	0.033935371	-0.044075138	0.002890259	-0.005055712	-0.002092113	-0.015672736	-0.124701918	0.001550538	-0.031536251	0.224331052	0.015406981	-0.049979359	-0.165743339	0.052501977	0.060918038	-0.019423076	0.004128151	0.398946276	-0.000116453	-0.051090867	0.064011579	0.441679185	0.000000000	0.000000000	0.000000000	0.000000000	0.000000000	0.000000000	0.000000000	0.000000000	0.000000000	0.000000000	0.000000000	0.000000000	0.000000000	0.000000000	0.000000000	0.000000000	0.000000000	0.000000000	0.000000000	0.000000000	0.000000000	0.000000000	0.000000000	0.000000000		
0.000000000	0.000000000	0.000000000	0.000000000	0.000000000	0.000000000	0.000000000	0.000000000	0.000000000	0.000000000	0.000000000	0.000000000	0.000000000	0.000000000	0.000000000	0.000000000	0.000000000	0.000000000	0.000000000	0.000000000	0.000000000	0.000000000	0.000000000	0.000000000	0.000000000	0.000000000	0.000000000	0.000000000	0.000000000	0.000000000	0.000000000	0.138956969	-0.072908895	-0.008599727	-0.003806203	0.000340908	0.273396382	-0.003261033	-0.110427405	0.160237672	-0.135512785	-0.396812844	0.008373837	-0.000736650	-0.020722778	-0.044985981	-0.145033836	0.031481094	-0.393582725	0.282663370	-0.121285703	-0.125906284	0.036785433	0.281145684	0.012984994	-0.061653248	0.148321922	-0.042907172	0.105626742	-0.465351026	0.075966642	-0.235014916	0.000000000	0.000000000	0.000000000	0.000000000	0.000000000	0.000000000	0.000000000	0.000000000	0.000000000	0.000000000	0.000000000	0.000000000	0.000000000	0.000000000	0.000000000	0.000000000	0.000000000	0.000000000	0.000000000	0.000000000	0.000000000	0.000000000	0.000000000	0.000000000		
0.000000000	0.000000000	0.000000000	0.000000000	0.000000000	0.000000000	0.000000000	0.000000000	0.000000000	0.000000000	0.000000000	0.000000000	0.000000000	0.000000000	0.000000000	0.000000000	0.000000000	0.000000000	0.000000000	0.000000000	0.000000000	0.000000000	0.000000000	0.000000000	0.000000000	0.000000000	0.000000000	0.000000000	0.000000000	0.000000000	0.000000000	0.066853424	0.064462711	-0.005074079	-0.004413117	0.000400809	0.394393214	0.001003887	0.070285760	0.063885150	-0.140924312	0.360923853	-0.011479919	0.011001863	0.016864351	-0.010680826	-0.057220505	0.015261076	0.200722431	0.478222640	0.133213590	0.111919197	0.118348404	-0.144229078	-0.019594166	-0.015888126	-0.174666881	0.355410032	-0.008168749	-0.041724911	-0.342268669	-0.248986041	0.000000000	0.000000000	0.000000000	0.000000000	0.000000000	0.000000000	0.000000000	0.000000000	0.000000000	0.000000000	0.000000000	0.000000000	0.000000000	0.000000000	0.000000000	0.000000000	0.000000000	0.000000000	0.000000000	0.000000000	0.000000000	0.000000000	0.000000000	0.000000000		
0.000000000	0.000000000	0.000000000	0.000000000	0.000000000	0.000000000	0.000000000	0.000000000	0.000000000	0.000000000	0.000000000	0.000000000	0.000000000	0.000000000	0.000000000	0.000000000	0.000000000	0.000000000	0.000000000	0.000000000	0.000000000	0.000000000	0.000000000	0.000000000	0.000000000	0.000000000	0.000000000	0.000000000	0.000000000	0.000000000	0.000000000	-0.018897818	-0.039681674	-0.019814513	-0.026290953	0.002209816	0.028299462	-0.020059255	0.052410980	0.061969346	0.022380420	0.198104467	-0.007986307	0.012186349	0.012482219	0.011599231	-0.020393047	-0.014194085	-0.171029391	-0.122739205	-0.846249702	0.137975327	-0.081077811	-0.151246910	-0.232950109	0.079490202	-0.127686408	0.230200218	-0.031300117	-0.046858172	0.072107120	-0.033567136	0.000000000	0.000000000	0.000000000	0.000000000	0.000000000	0.000000000	0.000000000	0.000000000	0.000000000	0.000000000	0.000000000	0.000000000	0.000000000	0.000000000	0.000000000	0.000000000	0.000000000	0.000000000	0.000000000	0.000000000	0.000000000	0.000000000	0.000000000	0.000000000		
0.000000000	0.000000000	0.000000000	0.000000000	0.000000000	0.000000000	0.000000000	0.000000000	0.000000000	0.000000000	0.000000000	0.000000000	0.000000000	0.000000000	0.000000000	0.000000000	0.000000000	0.000000000	0.000000000	0.000000000	0.000000000	0.000000000	0.000000000	0.000000000	0.000000000	0.000000000	0.000000000	0.000000000	0.000000000	0.000000000	0.000000000	0.011954682	-0.054144701	0.003088433	-0.002398281	0.000222926	0.014022846	-0.644166114	-0.025795263	0.013942918	-0.011296917	-0.030138980	0.000718731	-0.002249019	-0.001928167	-0.024599473	0.055010888	0.008034740	-0.018538079	0.232566429	-0.034118272	-0.012467159	-0.324943663	0.040482286	0.296948599	-0.020415360	0.030993344	0.259440136	-0.010581370	-0.039847125	0.011265558	0.504473313	0.000000000	0.000000000	0.000000000	0.000000000	0.000000000	0.000000000	0.000000000	0.000000000	0.000000000	0.000000000	0.000000000	0.000000000	0.000000000	0.000000000	0.000000000	0.000000000	0.000000000	0.000000000	0.000000000	0.000000000	0.000000000	0.000000000	0.000000000	0.000000000		
0.000000000	0.000000000	0.000000000	0.000000000	0.000000000	0.000000000	0.000000000	0.000000000	0.000000000	0.000000000	0.000000000	0.000000000	0.000000000	0.000000000	0.000000000	0.000000000	0.000000000	0.000000000	0.000000000	0.000000000	0.000000000	0.000000000	0.000000000	0.000000000	0.000000000	0.000000000	0.000000000	0.000000000	0.000000000	0.000000000	0.000000000	0.000000000	0.000000000	0.000000000	0.000000000	0.000000000	0.000000000	0.000000000	0.000000000	0.000000000	0.000000000	0.000000000	0.000000000	0.000000000	0.000000000	0.000000000	0.000000000	0.000000000	0.000000000	0.000000000	0.000000000	0.000000000	0.000000000	0.000000000	0.000000000	0.000000000	0.000000000	0.000000000	0.000000000	0.000000000	0.000000000	0.000000000	0.938065555	-0.034089371	-0.001223492	-0.267673926	0.216645587	-0.016875775	0.000000000	0.000000000	0.000000000	0.000000000	0.000000000	0.000000000	0.000000000	0.000000000	0.000000000	0.000000000	0.000000000	0.000000000	0.000000000	0.000000000	0.000000000	0.000000000	0.000000000	0.000000000		
0.000000000	0.000000000	0.000000000	0.000000000	0.000000000	0.000000000	0.000000000	0.000000000	0.000000000	0.000000000	0.000000000	0.000000000	0.000000000	0.000000000	0.000000000	0.000000000	0.000000000	0.000000000	0.000000000	0.000000000	0.000000000	0.000000000	0.000000000	0.000000000	0.000000000	0.000000000	0.000000000	0.000000000	0.000000000	0.000000000	0.000000000	0.000000000	0.000000000	0.000000000	0.000000000	0.000000000	0.000000000	0.000000000	0.000000000	0.000000000	0.000000000	0.000000000	0.000000000	0.000000000	0.000000000	0.000000000	0.000000000	0.000000000	0.000000000	0.000000000	0.000000000	0.000000000	0.000000000	0.000000000	0.000000000	0.000000000	0.000000000	0.000000000	0.000000000	0.000000000	0.000000000	0.000000000	0.089232468	0.983249020	-0.003026253	0.153167623	-0.042173430	0.003294627	0.000000000	0.000000000	0.000000000	0.000000000	0.000000000	0.000000000	0.000000000	0.000000000	0.000000000	0.000000000	0.000000000	0.000000000	0.000000000	0.000000000	0.000000000	0.000000000	0.000000000	0.000000000		
0.000000000	0.000000000	0.000000000	0.000000000	0.000000000	0.000000000	0.000000000	0.000000000	0.000000000	0.000000000	0.000000000	0.000000000	0.000000000	0.000000000	0.000000000	0.000000000	0.000000000	0.000000000	0.000000000	0.000000000	0.000000000	0.000000000	0.000000000	0.000000000	0.000000000	0.000000000	0.000000000	0.000000000	0.000000000	0.000000000	0.000000000	0.000000000	0.000000000	0.000000000	0.000000000	0.000000000	0.000000000	0.000000000	0.000000000	0.000000000	0.000000000	0.000000000	0.000000000	0.000000000	0.000000000	0.000000000	0.000000000	0.000000000	0.000000000	0.000000000	0.000000000	0.000000000	0.000000000	0.000000000	0.000000000	0.000000000	0.000000000	0.000000000	0.000000000	0.000000000	0.000000000	0.000000000	0.000064422	0.001874862	0.999638254	0.013998843	0.022823531	-0.001720708	0.000000000	0.000000000	0.000000000	0.000000000	0.000000000	0.000000000	0.000000000	0.000000000	0.000000000	0.000000000	0.000000000	0.000000000	0.000000000	0.000000000	0.000000000	0.000000000	0.000000000	0.000000000		
0.000000000	0.000000000	0.000000000	0.000000000	0.000000000	0.000000000	0.000000000	0.000000000	0.000000000	0.000000000	0.000000000	0.000000000	0.000000000	0.000000000	0.000000000	0.000000000	0.000000000	0.000000000	0.000000000	0.000000000	0.000000000	0.000000000	0.000000000	0.000000000	0.000000000	0.000000000	0.000000000	0.000000000	0.000000000	0.000000000	0.000000000	0.000000000	0.000000000	0.000000000	0.000000000	0.000000000	0.000000000	0.000000000	0.000000000	0.000000000	0.000000000	0.000000000	0.000000000	0.000000000	0.000000000	0.000000000	0.000000000	0.000000000	0.000000000	0.000000000	0.000000000	0.000000000	0.000000000	0.000000000	0.000000000	0.000000000	0.000000000	0.000000000	0.000000000	0.000000000	0.000000000	0.000000000	0.144883418	-0.131289529	-0.022039660	0.878304615	0.434415594	-0.033914648	0.000000000	0.000000000	0.000000000	0.000000000	0.000000000	0.000000000	0.000000000	0.000000000	0.000000000	0.000000000	0.000000000	0.000000000	0.000000000	0.000000000	0.000000000	0.000000000	0.000000000	0.000000000		
0.000000000	0.000000000	0.000000000	0.000000000	0.000000000	0.000000000	0.000000000	0.000000000	0.000000000	0.000000000	0.000000000	0.000000000	0.000000000	0.000000000	0.000000000	0.000000000	0.000000000	0.000000000	0.000000000	0.000000000	0.000000000	0.000000000	0.000000000	0.000000000	0.000000000	0.000000000	0.000000000	0.000000000	0.000000000	0.000000000	0.000000000	0.000000000	0.000000000	0.000000000	0.000000000	0.000000000	0.000000000	0.000000000	0.000000000	0.000000000	0.000000000	0.000000000	0.000000000	0.000000000	0.000000000	0.000000000	0.000000000	0.000000000	0.000000000	0.000000000	0.000000000	0.000000000	0.000000000	0.000000000	0.000000000	0.000000000	0.000000000	0.000000000	0.000000000	0.000000000	0.000000000	0.000000000	-0.301793573	0.121732579	-0.015065080	-0.365068968	0.869515129	-0.067401414	0.000000000	0.000000000	0.000000000	0.000000000	0.000000000	0.000000000	0.000000000	0.000000000	0.000000000	0.000000000	0.000000000	0.000000000	0.000000000	0.000000000	0.000000000	0.000000000	0.000000000	0.000000000		
0.000000000	0.000000000	0.000000000	0.000000000	0.000000000	0.000000000	0.000000000	0.000000000	0.000000000	0.000000000	0.000000000	0.000000000	0.000000000	0.000000000	0.000000000	0.000000000	0.000000000	0.000000000	0.000000000	0.000000000	0.000000000	0.000000000	0.000000000	0.000000000	0.000000000	0.000000000	0.000000000	0.000000000	0.000000000	0.000000000	0.000000000	0.000000000	0.000000000	0.000000000	0.000000000	0.000000000	0.000000000	0.000000000	0.000000000	0.000000000	0.000000000	0.000000000	0.000000000	0.000000000	0.000000000	0.000000000	0.000000000	0.000000000	0.000000000	0.000000000	0.000000000	0.000000000	0.000000000	0.000000000	0.000000000	0.000000000	0.000000000	0.000000000	0.000000000	0.000000000	0.000000000	0.000000000	0.000109391	-0.000059366	-0.000053627	0.000184032	0.077406130	0.996999618	0.000000000	0.000000000	0.000000000	0.000000000	0.000000000	0.000000000	0.000000000	0.000000000	0.000000000	0.000000000	0.000000000	0.000000000	0.000000000	0.000000000	0.000000000	0.000000000	0.000000000	0.000000000		
0.000000000	0.000000000	0.000000000	0.000000000	0.000000000	0.000000000	0.000000000	0.000000000	0.000000000	0.000000000	0.000000000	0.000000000	0.000000000	0.000000000	0.000000000	0.000000000	0.000000000	0.000000000	0.000000000	0.000000000	0.000000000	0.000000000	0.000000000	0.000000000	0.000000000	0.000000000	0.000000000	0.000000000	0.000000000	0.000000000	0.000000000	0.000000000	0.000000000	0.000000000	0.000000000	0.000000000	0.000000000	0.000000000	0.000000000	0.000000000	0.000000000	0.000000000	0.000000000	0.000000000	0.000000000	0.000000000	0.000000000	0.000000000	0.000000000	0.000000000	0.000000000	0.000000000	0.000000000	0.000000000	0.000000000	0.000000000	0.000000000	0.000000000	0.000000000	0.000000000	0.000000000	0.000000000	0.000000000	0.000000000	0.000000000	0.000000000	0.000000000	0.000000000	0.979735894	0.031912285	0.000103781	-0.172911587	-0.095626963	0.007499346	0.000000000	0.000000000	0.000000000	0.000000000	0.000000000	0.000000000	0.000000000	0.000000000	0.000000000	0.000000000	0.000000000	0.000000000		
0.000000000	0.000000000	0.000000000	0.000000000	0.000000000	0.000000000	0.000000000	0.000000000	0.000000000	0.000000000	0.000000000	0.000000000	0.000000000	0.000000000	0.000000000	0.000000000	0.000000000	0.000000000	0.000000000	0.000000000	0.000000000	0.000000000	0.000000000	0.000000000	0.000000000	0.000000000	0.000000000	0.000000000	0.000000000	0.000000000	0.000000000	0.000000000	0.000000000	0.000000000	0.000000000	0.000000000	0.000000000	0.000000000	0.000000000	0.000000000	0.000000000	0.000000000	0.000000000	0.000000000	0.000000000	0.000000000	0.000000000	0.000000000	0.000000000	0.000000000	0.000000000	0.000000000	0.000000000	0.000000000	0.000000000	0.000000000	0.000000000	0.000000000	0.000000000	0.000000000	0.000000000	0.000000000	0.000000000	0.000000000	0.000000000	0.000000000	0.000000000	0.000000000	0.010441118	0.977673393	-0.001753317	0.177381252	0.111822141	-0.008622376	0.000000000	0.000000000	0.000000000	0.000000000	0.000000000	0.000000000	0.000000000	0.000000000	0.000000000	0.000000000	0.000000000	0.000000000		
0.000000000	0.000000000	0.000000000	0.000000000	0.000000000	0.000000000	0.000000000	0.000000000	0.000000000	0.000000000	0.000000000	0.000000000	0.000000000	0.000000000	0.000000000	0.000000000	0.000000000	0.000000000	0.000000000	0.000000000	0.000000000	0.000000000	0.000000000	0.000000000	0.000000000	0.000000000	0.000000000	0.000000000	0.000000000	0.000000000	0.000000000	0.000000000	0.000000000	0.000000000	0.000000000	0.000000000	0.000000000	0.000000000	0.000000000	0.000000000	0.000000000	0.000000000	0.000000000	0.000000000	0.000000000	0.000000000	0.000000000	0.000000000	0.000000000	0.000000000	0.000000000	0.000000000	0.000000000	0.000000000	0.000000000	0.000000000	0.000000000	0.000000000	0.000000000	0.000000000	0.000000000	0.000000000	0.000000000	0.000000000	0.000000000	0.000000000	0.000000000	0.000000000	0.000062802	0.001877743	0.999638248	0.013999212	-0.022823319	0.001720789	0.000000000	0.000000000	0.000000000	0.000000000	0.000000000	0.000000000	0.000000000	0.000000000	0.000000000	0.000000000	0.000000000	0.000000000		
0.000000000	0.000000000	0.000000000	0.000000000	0.000000000	0.000000000	0.000000000	0.000000000	0.000000000	0.000000000	0.000000000	0.000000000	0.000000000	0.000000000	0.000000000	0.000000000	0.000000000	0.000000000	0.000000000	0.000000000	0.000000000	0.000000000	0.000000000	0.000000000	0.000000000	0.000000000	0.000000000	0.000000000	0.000000000	0.000000000	0.000000000	0.000000000	0.000000000	0.000000000	0.000000000	0.000000000	0.000000000	0.000000000	0.000000000	0.000000000	0.000000000	0.000000000	0.000000000	0.000000000	0.000000000	0.000000000	0.000000000	0.000000000	0.000000000	0.000000000	0.000000000	0.000000000	0.000000000	0.000000000	0.000000000	0.000000000	0.000000000	0.000000000	0.000000000	0.000000000	0.000000000	0.000000000	0.000000000	0.000000000	0.000000000	0.000000000	0.000000000	0.000000000	0.131037071	-0.126888914	-0.020748119	0.916379072	-0.354649363	0.027771048	0.000000000	0.000000000	0.000000000	0.000000000	0.000000000	0.000000000	0.000000000	0.000000000	0.000000000	0.000000000	0.000000000	0.000000000		
0.000000000	0.000000000	0.000000000	0.000000000	0.000000000	0.000000000	0.000000000	0.000000000	0.000000000	0.000000000	0.000000000	0.000000000	0.000000000	0.000000000	0.000000000	0.000000000	0.000000000	0.000000000	0.000000000	0.000000000	0.000000000	0.000000000	0.000000000	0.000000000	0.000000000	0.000000000	0.000000000	0.000000000	0.000000000	0.000000000	0.000000000	0.000000000	0.000000000	0.000000000	0.000000000	0.000000000	0.000000000	0.000000000	0.000000000	0.000000000	0.000000000	0.000000000	0.000000000	0.000000000	0.000000000	0.000000000	0.000000000	0.000000000	0.000000000	0.000000000	0.000000000	0.000000000	0.000000000	0.000000000	0.000000000	0.000000000	0.000000000	0.000000000	0.000000000	0.000000000	0.000000000	0.000000000	0.000000000	0.000000000	0.000000000	0.000000000	0.000000000	0.000000000	0.151121900	-0.164414171	0.017023529	0.314150974	0.919817020	-0.071317361	0.000000000	0.000000000	0.000000000	0.000000000	0.000000000	0.000000000	0.000000000	0.000000000	0.000000000	0.000000000	0.000000000	0.000000000		
0.000000000	0.000000000	0.000000000	0.000000000	0.000000000	0.000000000	0.000000000	0.000000000	0.000000000	0.000000000	0.000000000	0.000000000	0.000000000	0.000000000	0.000000000	0.000000000	0.000000000	0.000000000	0.000000000	0.000000000	0.000000000	0.000000000	0.000000000	0.000000000	0.000000000	0.000000000	0.000000000	0.000000000	0.000000000	0.000000000	0.000000000	0.000000000	0.000000000	0.000000000	0.000000000	0.000000000	0.000000000	0.000000000	0.000000000	0.000000000	0.000000000	0.000000000	0.000000000	0.000000000	0.000000000	0.000000000	0.000000000	0.000000000	0.000000000	0.000000000	0.000000000	0.000000000	0.000000000	0.000000000	0.000000000	0.000000000	0.000000000	0.000000000	0.000000000	0.000000000	0.000000000	0.000000000	0.000000000	0.000000000	0.000000000	0.000000000	0.000000000	0.000000000	-0.000119239	-0.000014475	0.000054371	-0.000243036	0.077400693	0.997000028	0.000000000	0.000000000	0.000000000	0.000000000	0.000000000	0.000000000	0.000000000	0.000000000	0.000000000	0.000000000	0.000000000	0.000000000		
0.000000000	0.000000000	0.000000000	0.000000000	0.000000000	0.000000000	0.000000000	0.000000000	0.000000000	0.000000000	0.000000000	0.000000000	0.000000000	0.000000000	0.000000000	0.000000000	0.000000000	0.000000000	0.000000000	0.000000000	0.000000000	0.000000000	0.000000000	0.000000000	0.000000000	0.000000000	0.000000000	0.000000000	0.000000000	0.000000000	0.000000000	0.000000000	0.000000000	0.000000000	0.000000000	0.000000000	0.000000000	0.000000000	0.000000000	0.000000000	0.000000000	0.000000000	0.000000000	0.000000000	0.000000000	0.000000000	0.000000000	0.000000000	0.000000000	0.000000000	0.000000000	0.000000000	0.000000000	0.000000000	0.000000000	0.000000000	0.000000000	0.000000000	0.000000000	0.000000000	0.000000000	0.000000000	0.000000000	0.000000000	0.000000000	0.000000000	0.000000000	0.000000000	0.000000000	0.000000000	0.000000000	0.000000000	0.000000000	0.000000000	0.979736323	0.031911787	0.000103712	0.172906856	-0.095630122	0.007514168	0.000000000	0.000000000	0.000000000	0.000000000	0.000000000	0.000000000		
0.000000000	0.000000000	0.000000000	0.000000000	0.000000000	0.000000000	0.000000000	0.000000000	0.000000000	0.000000000	0.000000000	0.000000000	0.000000000	0.000000000	0.000000000	0.000000000	0.000000000	0.000000000	0.000000000	0.000000000	0.000000000	0.000000000	0.000000000	0.000000000	0.000000000	0.000000000	0.000000000	0.000000000	0.000000000	0.000000000	0.000000000	0.000000000	0.000000000	0.000000000	0.000000000	0.000000000	0.000000000	0.000000000	0.000000000	0.000000000	0.000000000	0.000000000	0.000000000	0.000000000	0.000000000	0.000000000	0.000000000	0.000000000	0.000000000	0.000000000	0.000000000	0.000000000	0.000000000	0.000000000	0.000000000	0.000000000	0.000000000	0.000000000	0.000000000	0.000000000	0.000000000	0.000000000	0.000000000	0.000000000	0.000000000	0.000000000	0.000000000	0.000000000	0.000000000	0.000000000	0.000000000	0.000000000	0.000000000	0.000000000	0.010440549	0.977674191	-0.001753608	-0.177381761	0.111816353	-0.008597037	0.000000000	0.000000000	0.000000000	0.000000000	0.000000000	0.000000000		
0.000000000	0.000000000	0.000000000	0.000000000	0.000000000	0.000000000	0.000000000	0.000000000	0.000000000	0.000000000	0.000000000	0.000000000	0.000000000	0.000000000	0.000000000	0.000000000	0.000000000	0.000000000	0.000000000	0.000000000	0.000000000	0.000000000	0.000000000	0.000000000	0.000000000	0.000000000	0.000000000	0.000000000	0.000000000	0.000000000	0.000000000	0.000000000	0.000000000	0.000000000	0.000000000	0.000000000	0.000000000	0.000000000	0.000000000	0.000000000	0.000000000	0.000000000	0.000000000	0.000000000	0.000000000	0.000000000	0.000000000	0.000000000	0.000000000	0.000000000	0.000000000	0.000000000	0.000000000	0.000000000	0.000000000	0.000000000	0.000000000	0.000000000	0.000000000	0.000000000	0.000000000	0.000000000	0.000000000	0.000000000	0.000000000	0.000000000	0.000000000	0.000000000	0.000000000	0.000000000	0.000000000	0.000000000	0.000000000	0.000000000	0.000062802	0.001877750	0.999638249	-0.013999599	-0.022823050	0.001720689	0.000000000	0.000000000	0.000000000	0.000000000	0.000000000	0.000000000		
0.000000000	0.000000000	0.000000000	0.000000000	0.000000000	0.000000000	0.000000000	0.000000000	0.000000000	0.000000000	0.000000000	0.000000000	0.000000000	0.000000000	0.000000000	0.000000000	0.000000000	0.000000000	0.000000000	0.000000000	0.000000000	0.000000000	0.000000000	0.000000000	0.000000000	0.000000000	0.000000000	0.000000000	0.000000000	0.000000000	0.000000000	0.000000000	0.000000000	0.000000000	0.000000000	0.000000000	0.000000000	0.000000000	0.000000000	0.000000000	0.000000000	0.000000000	0.000000000	0.000000000	0.000000000	0.000000000	0.000000000	0.000000000	0.000000000	0.000000000	0.000000000	0.000000000	0.000000000	0.000000000	0.000000000	0.000000000	0.000000000	0.000000000	0.000000000	0.000000000	0.000000000	0.000000000	0.000000000	0.000000000	0.000000000	0.000000000	0.000000000	0.000000000	0.000000000	0.000000000	0.000000000	0.000000000	0.000000000	0.000000000	-0.131031748	0.126892716	0.020748305	0.916380760	0.354646477	-0.027759795	0.000000000	0.000000000	0.000000000	0.000000000	0.000000000	0.000000000		
0.000000000	0.000000000	0.000000000	0.000000000	0.000000000	0.000000000	0.000000000	0.000000000	0.000000000	0.000000000	0.000000000	0.000000000	0.000000000	0.000000000	0.000000000	0.000000000	0.000000000	0.000000000	0.000000000	0.000000000	0.000000000	0.000000000	0.000000000	0.000000000	0.000000000	0.000000000	0.000000000	0.000000000	0.000000000	0.000000000	0.000000000	0.000000000	0.000000000	0.000000000	0.000000000	0.000000000	0.000000000	0.000000000	0.000000000	0.000000000	0.000000000	0.000000000	0.000000000	0.000000000	0.000000000	0.000000000	0.000000000	0.000000000	0.000000000	0.000000000	0.000000000	0.000000000	0.000000000	0.000000000	0.000000000	0.000000000	0.000000000	0.000000000	0.000000000	0.000000000	0.000000000	0.000000000	0.000000000	0.000000000	0.000000000	0.000000000	0.000000000	0.000000000	0.000000000	0.000000000	0.000000000	0.000000000	0.000000000	0.000000000	0.151123763	-0.164406581	0.017023220	-0.314148359	0.919817459	-0.071336845	0.000000000	0.000000000	0.000000000	0.000000000	0.000000000	0.000000000		
0.000000000	0.000000000	0.000000000	0.000000000	0.000000000	0.000000000	0.000000000	0.000000000	0.000000000	0.000000000	0.000000000	0.000000000	0.000000000	0.000000000	0.000000000	0.000000000	0.000000000	0.000000000	0.000000000	0.000000000	0.000000000	0.000000000	0.000000000	0.000000000	0.000000000	0.000000000	0.000000000	0.000000000	0.000000000	0.000000000	0.000000000	0.000000000	0.000000000	0.000000000	0.000000000	0.000000000	0.000000000	0.000000000	0.000000000	0.000000000	0.000000000	0.000000000	0.000000000	0.000000000	0.000000000	0.000000000	0.000000000	0.000000000	0.000000000	0.000000000	0.000000000	0.000000000	0.000000000	0.000000000	0.000000000	0.000000000	0.000000000	0.000000000	0.000000000	0.000000000	0.000000000	0.000000000	0.000000000	0.000000000	0.000000000	0.000000000	0.000000000	0.000000000	0.000000000	0.000000000	0.000000000	0.000000000	0.000000000	0.000000000	-0.000129364	-0.000043783	0.000054593	0.000228756	0.077413243	0.996999055	0.000000000	0.000000000	0.000000000	0.000000000	0.000000000	0.000000000		
0.000000000	0.000000000	0.000000000	0.000000000	0.000000000	0.000000000	0.000000000	0.000000000	0.000000000	0.000000000	0.000000000	0.000000000	0.000000000	0.000000000	0.000000000	0.000000000	0.000000000	0.000000000	0.000000000	0.000000000	0.000000000	0.000000000	0.000000000	0.000000000	0.000000000	0.000000000	0.000000000	0.000000000	0.000000000	0.000000000	0.000000000	0.000000000	0.000000000	0.000000000	0.000000000	0.000000000	0.000000000	0.000000000	0.000000000	0.000000000	0.000000000	0.000000000	0.000000000	0.000000000	0.000000000	0.000000000	0.000000000	0.000000000	0.000000000	0.000000000	0.000000000	0.000000000	0.000000000	0.000000000	0.000000000	0.000000000	0.000000000	0.000000000	0.000000000	0.000000000	0.000000000	0.000000000	0.000000000	0.000000000	0.000000000	0.000000000	0.000000000	0.000000000	0.000000000	0.000000000	0.000000000	0.000000000	0.000000000	0.000000000	0.000000000	0.000000000	0.000000000	0.000000000	0.000000000	0.000000000	0.938067065	-0.034082657	-0.001223486	0.267675463	0.216638231	-0.016875433		
0.000000000	0.000000000	0.000000000	0.000000000	0.000000000	0.000000000	0.000000000	0.000000000	0.000000000	0.000000000	0.000000000	0.000000000	0.000000000	0.000000000	0.000000000	0.000000000	0.000000000	0.000000000	0.000000000	0.000000000	0.000000000	0.000000000	0.000000000	0.000000000	0.000000000	0.000000000	0.000000000	0.000000000	0.000000000	0.000000000	0.000000000	0.000000000	0.000000000	0.000000000	0.000000000	0.000000000	0.000000000	0.000000000	0.000000000	0.000000000	0.000000000	0.000000000	0.000000000	0.000000000	0.000000000	0.000000000	0.000000000	0.000000000	0.000000000	0.000000000	0.000000000	0.000000000	0.000000000	0.000000000	0.000000000	0.000000000	0.000000000	0.000000000	0.000000000	0.000000000	0.000000000	0.000000000	0.000000000	0.000000000	0.000000000	0.000000000	0.000000000	0.000000000	0.000000000	0.000000000	0.000000000	0.000000000	0.000000000	0.000000000	0.000000000	0.000000000	0.000000000	0.000000000	0.000000000	0.000000000	0.089232350	0.983245835	-0.003026213	-0.153185588	-0.042182405	0.003298084		
0.000000000	0.000000000	0.000000000	0.000000000	0.000000000	0.000000000	0.000000000	0.000000000	0.000000000	0.000000000	0.000000000	0.000000000	0.000000000	0.000000000	0.000000000	0.000000000	0.000000000	0.000000000	0.000000000	0.000000000	0.000000000	0.000000000	0.000000000	0.000000000	0.000000000	0.000000000	0.000000000	0.000000000	0.000000000	0.000000000	0.000000000	0.000000000	0.000000000	0.000000000	0.000000000	0.000000000	0.000000000	0.000000000	0.000000000	0.000000000	0.000000000	0.000000000	0.000000000	0.000000000	0.000000000	0.000000000	0.000000000	0.000000000	0.000000000	0.000000000	0.000000000	0.000000000	0.000000000	0.000000000	0.000000000	0.000000000	0.000000000	0.000000000	0.000000000	0.000000000	0.000000000	0.000000000	0.000000000	0.000000000	0.000000000	0.000000000	0.000000000	0.000000000	0.000000000	0.000000000	0.000000000	0.000000000	0.000000000	0.000000000	0.000000000	0.000000000	0.000000000	0.000000000	0.000000000	0.000000000	0.000064427	0.001874862	0.999638254	-0.013998415	0.022823774	-0.001720707		
0.000000000	0.000000000	0.000000000	0.000000000	0.000000000	0.000000000	0.000000000	0.000000000	0.000000000	0.000000000	0.000000000	0.000000000	0.000000000	0.000000000	0.000000000	0.000000000	0.000000000	0.000000000	0.000000000	0.000000000	0.000000000	0.000000000	0.000000000	0.000000000	0.000000000	0.000000000	0.000000000	0.000000000	0.000000000	0.000000000	0.000000000	0.000000000	0.000000000	0.000000000	0.000000000	0.000000000	0.000000000	0.000000000	0.000000000	0.000000000	0.000000000	0.000000000	0.000000000	0.000000000	0.000000000	0.000000000	0.000000000	0.000000000	0.000000000	0.000000000	0.000000000	0.000000000	0.000000000	0.000000000	0.000000000	0.000000000	0.000000000	0.000000000	0.000000000	0.000000000	0.000000000	0.000000000	0.000000000	0.000000000	0.000000000	0.000000000	0.000000000	0.000000000	0.000000000	0.000000000	0.000000000	0.000000000	0.000000000	0.000000000	0.000000000	0.000000000	0.000000000	0.000000000	0.000000000	0.000000000	-0.144877132	0.131297592	0.022039864	0.878289142	-0.434446218	0.033918567		
0.000000000	0.000000000	0.000000000	0.000000000	0.000000000	0.000000000	0.000000000	0.000000000	0.000000000	0.000000000	0.000000000	0.000000000	0.000000000	0.000000000	0.000000000	0.000000000	0.000000000	0.000000000	0.000000000	0.000000000	0.000000000	0.000000000	0.000000000	0.000000000	0.000000000	0.000000000	0.000000000	0.000000000	0.000000000	0.000000000	0.000000000	0.000000000	0.000000000	0.000000000	0.000000000	0.000000000	0.000000000	0.000000000	0.000000000	0.000000000	0.000000000	0.000000000	0.000000000	0.000000000	0.000000000	0.000000000	0.000000000	0.000000000	0.000000000	0.000000000	0.000000000	0.000000000	0.000000000	0.000000000	0.000000000	0.000000000	0.000000000	0.000000000	0.000000000	0.000000000	0.000000000	0.000000000	0.000000000	0.000000000	0.000000000	0.000000000	0.000000000	0.000000000	0.000000000	0.000000000	0.000000000	0.000000000	0.000000000	0.000000000	0.000000000	0.000000000	0.000000000	0.000000000	0.000000000	0.000000000	-0.301791930	0.121751481	-0.015064761	0.365097541	0.869501277	-0.067398628		
0.000000000	0.000000000	0.000000000	0.000000000	0.000000000	0.000000000	0.000000000	0.000000000	0.000000000	0.000000000	0.000000000	0.000000000	0.000000000	0.000000000	0.000000000	0.000000000	0.000000000	0.000000000	0.000000000	0.000000000	0.000000000	0.000000000	0.000000000	0.000000000	0.000000000	0.000000000	0.000000000	0.000000000	0.000000000	0.000000000	0.000000000	0.000000000	0.000000000	0.000000000	0.000000000	0.000000000	0.000000000	0.000000000	0.000000000	0.000000000	0.000000000	0.000000000	0.000000000	0.000000000	0.000000000	0.000000000	0.000000000	0.000000000	0.000000000	0.000000000	0.000000000	0.000000000	0.000000000	0.000000000	0.000000000	0.000000000	0.000000000	0.000000000	0.000000000	0.000000000	0.000000000	0.000000000	0.000000000	0.000000000	0.000000000	0.000000000	0.000000000	0.000000000	0.000000000	0.000000000	0.000000000	0.000000000	0.000000000	0.000000000	0.000000000	0.000000000	0.000000000	0.000000000	0.000000000	0.000000000	0.000110096	-0.000062492	-0.000053647	-0.000185521	0.077405487	0.996999668		