LHOs in NAO basis
86	86
A1*: R1*s(0)	A1*: R2*s(0)	A1*: R3*s(0)	A1: R4*s(0)	A1: R5*s(0)	A1*: R6*p(0)	A1*: R6*p(1)	A1*: R6*p(-1)	A1*: R7*p(0)	A1*: R7*p(1)	A1*: R7*p(-1)	A1: R8*p(0)	A1: R8*p(1)	A1: R8*p(-1)	A1*: R9*d(0)	A1*: R9*d(1)	A1*: R9*d(-1)	A1*: R9*d(2)	A1*: R9*d(-2)	A1*: R10*d(0)	A1*: R10*d(1)	A1*: R10*d(-1)	A1*: R10*d(2)	A1*: R10*d(-2)	A1*: R11*f(0)	A1*: R11*f(1)	A1*: R11*f(-1)	A1*: R11*f(2)	A1*: R11*f(-2)	A1*: R11*f(3)	A1*: R11*f(-3)	A2*: R12*s(0)	A2*: R13*s(0)	A2*: R14*s(0)	A2: R15*s(0)	A2: R16*s(0)	A2*: R17*p(0)	A2*: R17*p(1)	A2*: R17*p(-1)	A2*: R18*p(0)	A2*: R18*p(1)	A2*: R18*p(-1)	A2: R19*p(0)	A2: R19*p(1)	A2: R19*p(-1)	A2*: R20*d(0)	A2*: R20*d(1)	A2*: R20*d(-1)	A2*: R20*d(2)	A2*: R20*d(-2)	A2*: R21*d(0)	A2*: R21*d(1)	A2*: R21*d(-1)	A2*: R21*d(2)	A2*: R21*d(-2)	A2*: R22*f(0)	A2*: R22*f(1)	A2*: R22*f(-1)	A2*: R22*f(2)	A2*: R22*f(-2)	A2*: R22*f(3)	A2*: R22*f(-3)	A3*: R23*s(0)	A3*: R24*s(0)	A3: R25*s(0)	A3*: R26*p(0)	A3*: R26*p(1)	A3*: R26*p(-1)	A4*: R27*s(0)	A4*: R28*s(0)	A4: R29*s(0)	A4*: R30*p(0)	A4*: R30*p(1)	A4*: R30*p(-1)	A5*: R31*s(0)	A5*: R32*s(0)	A5: R33*s(0)	A5*: R34*p(0)	A5*: R34*p(1)	A5*: R34*p(-1)	A6*: R35*s(0)	A6*: R36*s(0)	A6: R37*s(0)	A6*: R38*p(0)	A6*: R38*p(1)	A6*: R38*p(-1)	

0.021936921	0.035792800	-0.003351120	0.000354386	-0.000054704	0.011735064	-0.083782888	0.040912180	-0.002768885	0.004758051	-0.031622489	-0.000358819	0.000490648	-0.001969503	0.018511514	-0.256723029	0.005905480	-0.060977230	-0.059584283	-0.004588365	0.125755708	-0.001132843	0.021111375	-0.006920720	-0.063873010	0.030246250	-0.038501680	-0.941997053	0.017047776	-0.020889555	0.062570293	0.000000000	0.000000000	0.000000000	0.000000000	0.000000000	0.000000000	0.000000000	0.000000000	0.000000000	0.000000000	0.000000000	0.000000000	0.000000000	0.000000000	0.000000000	0.000000000	0.000000000	0.000000000	0.000000000	0.000000000	0.000000000	0.000000000	0.000000000	0.000000000	0.000000000	0.000000000	0.000000000	0.000000000	0.000000000	0.000000000	0.000000000	0.000000000	0.000000000	0.000000000	0.000000000	0.000000000	0.000000000	0.000000000	0.000000000	0.000000000	0.000000000	0.000000000	0.000000000	0.000000000	0.000000000	0.000000000	0.000000000	0.000000000	0.000000000	0.000000000	0.000000000	0.000000000	0.000000000	0.000000000	0.000000000		C1:LHO1
-0.087327906	0.315250977	0.412909799	0.014343909	-0.001078729	-0.133166396	0.014095704	-0.007365896	0.368971020	-0.013836641	-0.000702861	0.023892300	0.006286349	-0.000660415	0.041331748	0.006272765	-0.021415640	-0.461801193	-0.013964156	0.371292534	-0.004834979	-0.001336141	-0.342426962	0.149601512	-0.006969074	0.060523712	0.115713092	0.024535206	0.000105909	-0.237125417	-0.015723228	0.000000000	0.000000000	0.000000000	0.000000000	0.000000000	0.000000000	0.000000000	0.000000000	0.000000000	0.000000000	0.000000000	0.000000000	0.000000000	0.000000000	0.000000000	0.000000000	0.000000000	0.000000000	0.000000000	0.000000000	0.000000000	0.000000000	0.000000000	0.000000000	0.000000000	0.000000000	0.000000000	0.000000000	0.000000000	0.000000000	0.000000000	0.000000000	0.000000000	0.000000000	0.000000000	0.000000000	0.000000000	0.000000000	0.000000000	0.000000000	0.000000000	0.000000000	0.000000000	0.000000000	0.000000000	0.000000000	0.000000000	0.000000000	0.000000000	0.000000000	0.000000000	0.000000000	0.000000000	0.000000000	0.000000000		C1:LHO2
-0.051353272	0.794659865	-0.462092197	0.011448756	-0.001071487	0.065329254	-0.000023607	-0.006830840	-0.299980210	0.001007061	0.002846986	-0.013642743	0.000224389	-0.000436202	-0.005552163	0.009652867	0.012699291	0.009338813	0.000373788	0.171973735	-0.002791542	0.000308689	0.101056595	0.020956341	-0.017210584	-0.008587801	-0.016677407	0.034371111	0.001572128	-0.123419938	0.006887173	0.000000000	0.000000000	0.000000000	0.000000000	0.000000000	0.000000000	0.000000000	0.000000000	0.000000000	0.000000000	0.000000000	0.000000000	0.000000000	0.000000000	0.000000000	0.000000000	0.000000000	0.000000000	0.000000000	0.000000000	0.000000000	0.000000000	0.000000000	0.000000000	0.000000000	0.000000000	0.000000000	0.000000000	0.000000000	0.000000000	0.000000000	0.000000000	0.000000000	0.000000000	0.000000000	0.000000000	0.000000000	0.000000000	0.000000000	0.000000000	0.000000000	0.000000000	0.000000000	0.000000000	0.000000000	0.000000000	0.000000000	0.000000000	0.000000000	0.000000000	0.000000000	0.000000000	0.000000000	0.000000000	0.000000000		C1:LHO3
0.000053682	-0.001295413	0.016883923	0.541892126	-0.006044007	-0.004298988	-0.006776307	0.000520893	-0.010086828	0.005914167	-0.000439173	-0.452801840	-0.704548896	0.053747070	0.000191328	0.000151878	-0.000084320	-0.001517370	-0.001915734	-0.015921626	-0.001558908	-0.003710341	-0.020581745	0.020280434	-0.002419015	0.007729759	0.012718927	-0.000907736	0.002017818	0.011344139	-0.007004671	0.000000000	0.000000000	0.000000000	0.000000000	0.000000000	0.000000000	0.000000000	0.000000000	0.000000000	0.000000000	0.000000000	0.000000000	0.000000000	0.000000000	0.000000000	0.000000000	0.000000000	0.000000000	0.000000000	0.000000000	0.000000000	0.000000000	0.000000000	0.000000000	0.000000000	0.000000000	0.000000000	0.000000000	0.000000000	0.000000000	0.000000000	0.000000000	0.000000000	0.000000000	0.000000000	0.000000000	0.000000000	0.000000000	0.000000000	0.000000000	0.000000000	0.000000000	0.000000000	0.000000000	0.000000000	0.000000000	0.000000000	0.000000000	0.000000000	0.000000000	0.000000000	0.000000000	0.000000000	0.000000000	0.000000000		C1:LHO4
0.000000893	-0.000022238	0.000265738	0.002070055	0.999930620	0.000702968	0.000000187	-0.000000014	-0.001245035	-0.000000108	0.000000007	-0.010982768	0.000021466	-0.000001623	0.000736039	-0.000000003	0.000083883	-0.000171214	0.000000041	0.002801767	0.000000046	0.000327175	-0.000595465	-0.000000602	0.000000073	0.000287289	-0.000000388	0.000000024	-0.000121952	-0.001656980	0.000000248	0.000000000	0.000000000	0.000000000	0.000000000	0.000000000	0.000000000	0.000000000	0.000000000	0.000000000	0.000000000	0.000000000	0.000000000	0.000000000	0.000000000	0.000000000	0.000000000	0.000000000	0.000000000	0.000000000	0.000000000	0.000000000	0.000000000	0.000000000	0.000000000	0.000000000	0.000000000	0.000000000	0.000000000	0.000000000	0.000000000	0.000000000	0.000000000	0.000000000	0.000000000	0.000000000	0.000000000	0.000000000	0.000000000	0.000000000	0.000000000	0.000000000	0.000000000	0.000000000	0.000000000	0.000000000	0.000000000	0.000000000	0.000000000	0.000000000	0.000000000	0.000000000	0.000000000	0.000000000	0.000000000	0.000000000		C1:LHO5
0.014530969	-0.001085375	0.008097972	-0.004215277	0.000605536	-0.968847088	-0.002163727	-0.003477745	-0.235156935	0.002070284	0.026122373	0.009324655	-0.000024876	0.000076334	-0.005088749	-0.006346803	0.005189698	0.049667994	-0.001377739	-0.023198997	0.026863625	0.000388809	0.027899626	0.001781504	-0.012995569	0.001392522	-0.004862435	-0.008080302	0.001012114	0.009194341	0.001140993	0.000000000	0.000000000	0.000000000	0.000000000	0.000000000	0.000000000	0.000000000	0.000000000	0.000000000	0.000000000	0.000000000	0.000000000	0.000000000	0.000000000	0.000000000	0.000000000	0.000000000	0.000000000	0.000000000	0.000000000	0.000000000	0.000000000	0.000000000	0.000000000	0.000000000	0.000000000	0.000000000	0.000000000	0.000000000	0.000000000	0.000000000	0.000000000	0.000000000	0.000000000	0.000000000	0.000000000	0.000000000	0.000000000	0.000000000	0.000000000	0.000000000	0.000000000	0.000000000	0.000000000	0.000000000	0.000000000	0.000000000	0.000000000	0.000000000	0.000000000	0.000000000	0.000000000	0.000000000	0.000000000	0.000000000		C1:LHO6
0.139140964	0.033562415	-0.007947737	-0.003165301	0.000404897	0.001755086	-0.145319183	0.012782209	-0.027381875	-0.010192831	0.017944452	-0.001146815	0.000739720	0.001331809	-0.145520302	-0.017498598	-0.890171867	-0.069317390	-0.007960689	-0.010564280	0.051691730	-0.148925885	-0.007112398	-0.148933942	0.064115440	-0.141597926	0.229586400	0.009257765	0.074074352	0.090399789	0.020248766	0.000000000	0.000000000	0.000000000	0.000000000	0.000000000	0.000000000	0.000000000	0.000000000	0.000000000	0.000000000	0.000000000	0.000000000	0.000000000	0.000000000	0.000000000	0.000000000	0.000000000	0.000000000	0.000000000	0.000000000	0.000000000	0.000000000	0.000000000	0.000000000	0.000000000	0.000000000	0.000000000	0.000000000	0.000000000	0.000000000	0.000000000	0.000000000	0.000000000	0.000000000	0.000000000	0.000000000	0.000000000	0.000000000	0.000000000	0.000000000	0.000000000	0.000000000	0.000000000	0.000000000	0.000000000	0.000000000	0.000000000	0.000000000	0.000000000	0.000000000	0.000000000	0.000000000	0.000000000	0.000000000	0.000000000		C1:LHO7
0.131085436	-0.028404457	0.010052070	-0.004498241	0.000241925	0.009373941	-0.440347797	-0.039018984	-0.074542235	-0.002534586	0.067202944	-0.008466238	-0.000574223	0.000139955	0.031314213	0.078199947	-0.051326074	-0.469932017	-0.122448362	-0.136266317	-0.127664554	0.270615265	0.232120462	0.158799676	-0.150801025	-0.037941488	-0.468016317	0.086221480	0.235641904	0.034106264	0.190052446	0.000000000	0.000000000	0.000000000	0.000000000	0.000000000	0.000000000	0.000000000	0.000000000	0.000000000	0.000000000	0.000000000	0.000000000	0.000000000	0.000000000	0.000000000	0.000000000	0.000000000	0.000000000	0.000000000	0.000000000	0.000000000	0.000000000	0.000000000	0.000000000	0.000000000	0.000000000	0.000000000	0.000000000	0.000000000	0.000000000	0.000000000	0.000000000	0.000000000	0.000000000	0.000000000	0.000000000	0.000000000	0.000000000	0.000000000	0.000000000	0.000000000	0.000000000	0.000000000	0.000000000	0.000000000	0.000000000	0.000000000	0.000000000	0.000000000	0.000000000	0.000000000	0.000000000	0.000000000	0.000000000	0.000000000		C1:LHO8
-0.000416467	-0.005293012	-0.012880759	-0.000030991	-0.000005763	-0.001823265	-0.048625378	0.003772335	0.005352939	0.957038349	-0.073093765	-0.000453861	0.011986991	-0.000879678	0.000398234	0.017082276	-0.000265115	-0.004165030	-0.222972212	0.002186307	-0.001585867	-0.000087408	-0.004944797	0.021478949	-0.007642277	0.000810527	0.040373739	0.009509415	-0.000001021	-0.001065760	-0.153901723	0.000000000	0.000000000	0.000000000	0.000000000	0.000000000	0.000000000	0.000000000	0.000000000	0.000000000	0.000000000	0.000000000	0.000000000	0.000000000	0.000000000	0.000000000	0.000000000	0.000000000	0.000000000	0.000000000	0.000000000	0.000000000	0.000000000	0.000000000	0.000000000	0.000000000	0.000000000	0.000000000	0.000000000	0.000000000	0.000000000	0.000000000	0.000000000	0.000000000	0.000000000	0.000000000	0.000000000	0.000000000	0.000000000	0.000000000	0.000000000	0.000000000	0.000000000	0.000000000	0.000000000	0.000000000	0.000000000	0.000000000	0.000000000	0.000000000	0.000000000	0.000000000	0.000000000	0.000000000	0.000000000	0.000000000		C1:LHO9
-0.013222648	0.035130084	0.592954968	0.019079084	-0.000890690	0.188591192	-0.000567494	0.000043389	-0.764238766	0.011243944	-0.000859291	0.062662446	0.000139985	-0.000010309	-0.009792444	0.000201477	0.002661983	0.051883719	-0.002621097	0.055524963	-0.000018166	-0.001103308	-0.109797626	0.000251394	-0.000089366	0.052233009	0.000473143	0.000111700	0.001848649	-0.047667410	-0.001805093	0.000000000	0.000000000	0.000000000	0.000000000	0.000000000	0.000000000	0.000000000	0.000000000	0.000000000	0.000000000	0.000000000	0.000000000	0.000000000	0.000000000	0.000000000	0.000000000	0.000000000	0.000000000	0.000000000	0.000000000	0.000000000	0.000000000	0.000000000	0.000000000	0.000000000	0.000000000	0.000000000	0.000000000	0.000000000	0.000000000	0.000000000	0.000000000	0.000000000	0.000000000	0.000000000	0.000000000	0.000000000	0.000000000	0.000000000	0.000000000	0.000000000	0.000000000	0.000000000	0.000000000	0.000000000	0.000000000	0.000000000	0.000000000	0.000000000	0.000000000	0.000000000	0.000000000	0.000000000	0.000000000	0.000000000		C1:LHO10
-0.020312549	0.007101843	-0.000020071	0.001076221	-0.000087833	0.007979874	-0.145721607	-0.337737662	0.012248560	0.001313321	0.156500738	0.000728513	0.000579815	-0.002649412	-0.010826537	-0.822357317	0.017133304	0.057451574	-0.048893062	0.039547160	0.123385154	0.171945979	-0.041749146	0.039928834	0.236958700	-0.004102473	-0.029733041	0.211146599	-0.034137813	0.045330398	-0.050999231	0.000000000	0.000000000	0.000000000	0.000000000	0.000000000	0.000000000	0.000000000	0.000000000	0.000000000	0.000000000	0.000000000	0.000000000	0.000000000	0.000000000	0.000000000	0.000000000	0.000000000	0.000000000	0.000000000	0.000000000	0.000000000	0.000000000	0.000000000	0.000000000	0.000000000	0.000000000	0.000000000	0.000000000	0.000000000	0.000000000	0.000000000	0.000000000	0.000000000	0.000000000	0.000000000	0.000000000	0.000000000	0.000000000	0.000000000	0.000000000	0.000000000	0.000000000	0.000000000	0.000000000	0.000000000	0.000000000	0.000000000	0.000000000	0.000000000	0.000000000	0.000000000	0.000000000	0.000000000	0.000000000	0.000000000		C1:LHO11
-0.000114675	0.002755386	-0.034848288	0.640792624	0.007259966	-0.003683481	-0.000000022	0.000000022	0.041165521	-0.000000297	0.000000081	0.763914600	-0.000007339	-0.000000719	-0.000553843	0.000000001	0.000087296	0.002038580	-0.000000031	-0.026189222	0.000000021	-0.000416831	0.039804213	-0.000000742	0.000000000	-0.014796118	0.000000149	0.000000032	-0.000055191	0.018509194	-0.000000522	0.000000000	0.000000000	0.000000000	0.000000000	0.000000000	0.000000000	0.000000000	0.000000000	0.000000000	0.000000000	0.000000000	0.000000000	0.000000000	0.000000000	0.000000000	0.000000000	0.000000000	0.000000000	0.000000000	0.000000000	0.000000000	0.000000000	0.000000000	0.000000000	0.000000000	0.000000000	0.000000000	0.000000000	0.000000000	0.000000000	0.000000000	0.000000000	0.000000000	0.000000000	0.000000000	0.000000000	0.000000000	0.000000000	0.000000000	0.000000000	0.000000000	0.000000000	0.000000000	0.000000000	0.000000000	0.000000000	0.000000000	0.000000000	0.000000000	0.000000000	0.000000000	0.000000000	0.000000000	0.000000000	0.000000000		C1:LHO12
0.000053671	-0.001295205	0.016884000	0.541892331	-0.006074325	-0.004299086	0.006776685	-0.000520939	-0.010086958	-0.005913975	0.000439142	-0.452788302	0.704557103	-0.053747985	0.000191274	-0.000151886	-0.000084341	-0.001517290	0.001915857	-0.015921754	0.001558875	-0.003710463	-0.020582310	-0.020279673	0.002419056	0.007729466	-0.012719018	0.000907816	0.002017852	0.011344631	0.007004045	0.000000000	0.000000000	0.000000000	0.000000000	0.000000000	0.000000000	0.000000000	0.000000000	0.000000000	0.000000000	0.000000000	0.000000000	0.000000000	0.000000000	0.000000000	0.000000000	0.000000000	0.000000000	0.000000000	0.000000000	0.000000000	0.000000000	0.000000000	0.000000000	0.000000000	0.000000000	0.000000000	0.000000000	0.000000000	0.000000000	0.000000000	0.000000000	0.000000000	0.000000000	0.000000000	0.000000000	0.000000000	0.000000000	0.000000000	0.000000000	0.000000000	0.000000000	0.000000000	0.000000000	0.000000000	0.000000000	0.000000000	0.000000000	0.000000000	0.000000000	0.000000000	0.000000000	0.000000000	0.000000000	0.000000000		C1:LHO13
-0.000000025	-0.000000045	-0.000000005	0.000000972	-0.000000007	-0.000000015	-0.001022321	-0.013332947	0.000000063	-0.002915944	-0.037647394	0.000000847	0.075968219	0.995848010	-0.000000038	-0.004977729	0.000000053	-0.000000000	-0.000388555	-0.000000036	0.023166415	-0.000000232	0.000000063	0.001767995	-0.017820231	0.000000014	-0.002817611	0.004530161	-0.000000087	0.000000047	0.000412533	0.000000000	0.000000000	0.000000000	0.000000000	0.000000000	0.000000000	0.000000000	0.000000000	0.000000000	0.000000000	0.000000000	0.000000000	0.000000000	0.000000000	0.000000000	0.000000000	0.000000000	0.000000000	0.000000000	0.000000000	0.000000000	0.000000000	0.000000000	0.000000000	0.000000000	0.000000000	0.000000000	0.000000000	0.000000000	0.000000000	0.000000000	0.000000000	0.000000000	0.000000000	0.000000000	0.000000000	0.000000000	0.000000000	0.000000000	0.000000000	0.000000000	0.000000000	0.000000000	0.000000000	0.000000000	0.000000000	0.000000000	0.000000000	0.000000000	0.000000000	0.000000000	0.000000000	0.000000000	0.000000000	0.000000000		C1:LHO14
0.066239934	-0.051585267	-0.006593400	-0.003224321	0.000193299	0.017906893	0.365513053	-0.213434470	-0.061260449	0.086794862	0.150183421	-0.007112734	-0.005307917	-0.004017505	0.101086660	-0.232065805	0.052362549	-0.301615650	0.076910309	-0.186008555	-0.017848573	-0.488377526	0.215121623	-0.078722548	-0.396512221	-0.066271074	0.096718362	0.081694287	0.068253386	-0.212986999	0.249429889	0.000000000	0.000000000	0.000000000	0.000000000	0.000000000	0.000000000	0.000000000	0.000000000	0.000000000	0.000000000	0.000000000	0.000000000	0.000000000	0.000000000	0.000000000	0.000000000	0.000000000	0.000000000	0.000000000	0.000000000	0.000000000	0.000000000	0.000000000	0.000000000	0.000000000	0.000000000	0.000000000	0.000000000	0.000000000	0.000000000	0.000000000	0.000000000	0.000000000	0.000000000	0.000000000	0.000000000	0.000000000	0.000000000	0.000000000	0.000000000	0.000000000	0.000000000	0.000000000	0.000000000	0.000000000	0.000000000	0.000000000	0.000000000	0.000000000	0.000000000	0.000000000	0.000000000	0.000000000	0.000000000	0.000000000		C1:LHO15
-0.008859227	0.014545315	0.004440891	-0.000237385	0.000003236	0.014893195	-0.025956367	0.280198601	0.012126808	0.067461002	0.914923784	0.001050763	0.001506366	0.045224472	0.010566720	0.078425672	0.056443938	-0.000888936	-0.002857399	0.002634320	-0.098293604	-0.047662003	-0.014442310	-0.088241816	0.203098013	0.028854682	0.025459476	-0.062869653	0.018072150	0.003959545	-0.005845033	0.000000000	0.000000000	0.000000000	0.000000000	0.000000000	0.000000000	0.000000000	0.000000000	0.000000000	0.000000000	0.000000000	0.000000000	0.000000000	0.000000000	0.000000000	0.000000000	0.000000000	0.000000000	0.000000000	0.000000000	0.000000000	0.000000000	0.000000000	0.000000000	0.000000000	0.000000000	0.000000000	0.000000000	0.000000000	0.000000000	0.000000000	0.000000000	0.000000000	0.000000000	0.000000000	0.000000000	0.000000000	0.000000000	0.000000000	0.000000000	0.000000000	0.000000000	0.000000000	0.000000000	0.000000000	0.000000000	0.000000000	0.000000000	0.000000000	0.000000000	0.000000000	0.000000000	0.000000000	0.000000000	0.000000000		C1:LHO16
-0.003270184	0.005828490	0.003115359	-0.000005906	0.000012317	-0.010194376	0.019254794	0.814559489	0.002701879	-0.007871695	-0.177972636	0.000619922	0.000445090	0.002728183	-0.008164939	-0.428594197	-0.019389531	0.005053975	-0.013710243	0.000751069	-0.226249753	0.008527263	-0.009658674	-0.015032936	-0.213228695	0.010364811	-0.024043686	0.144257308	-0.008912981	0.001129601	0.035195555	0.000000000	0.000000000	0.000000000	0.000000000	0.000000000	0.000000000	0.000000000	0.000000000	0.000000000	0.000000000	0.000000000	0.000000000	0.000000000	0.000000000	0.000000000	0.000000000	0.000000000	0.000000000	0.000000000	0.000000000	0.000000000	0.000000000	0.000000000	0.000000000	0.000000000	0.000000000	0.000000000	0.000000000	0.000000000	0.000000000	0.000000000	0.000000000	0.000000000	0.000000000	0.000000000	0.000000000	0.000000000	0.000000000	0.000000000	0.000000000	0.000000000	0.000000000	0.000000000	0.000000000	0.000000000	0.000000000	0.000000000	0.000000000	0.000000000	0.000000000	0.000000000	0.000000000	0.000000000	0.000000000	0.000000000		C1:LHO17
0.023807678	0.025428965	-0.011564274	-0.004807802	0.000220049	0.008151115	0.494117281	-0.087346322	-0.050696288	0.032270413	0.118233416	-0.003551811	-0.001285573	0.002426494	0.010562992	-0.007982819	-0.119821196	-0.192486848	0.035619487	0.081048991	-0.115521833	0.561926056	0.038088579	-0.011604458	-0.270678587	-0.017886550	0.113971358	-0.055911788	-0.205072480	0.454508266	-0.026895623	0.000000000	0.000000000	0.000000000	0.000000000	0.000000000	0.000000000	0.000000000	0.000000000	0.000000000	0.000000000	0.000000000	0.000000000	0.000000000	0.000000000	0.000000000	0.000000000	0.000000000	0.000000000	0.000000000	0.000000000	0.000000000	0.000000000	0.000000000	0.000000000	0.000000000	0.000000000	0.000000000	0.000000000	0.000000000	0.000000000	0.000000000	0.000000000	0.000000000	0.000000000	0.000000000	0.000000000	0.000000000	0.000000000	0.000000000	0.000000000	0.000000000	0.000000000	0.000000000	0.000000000	0.000000000	0.000000000	0.000000000	0.000000000	0.000000000	0.000000000	0.000000000	0.000000000	0.000000000	0.000000000	0.000000000		C1:LHO18
-0.049145587	-0.417493605	-0.505513509	0.016473984	-0.001378291	0.032871620	0.000547411	-0.000039753	-0.310135143	-0.011197399	0.000857356	0.024092870	-0.000139730	0.000010388	0.024029974	-0.000203859	-0.020095568	-0.303472981	0.002624527	0.242121375	0.000015284	-0.008678252	-0.532716275	-0.000228857	0.000088457	0.121642547	-0.000471884	-0.000112070	0.001857336	-0.138284815	0.001802532	0.000000000	0.000000000	0.000000000	0.000000000	0.000000000	0.000000000	0.000000000	0.000000000	0.000000000	0.000000000	0.000000000	0.000000000	0.000000000	0.000000000	0.000000000	0.000000000	0.000000000	0.000000000	0.000000000	0.000000000	0.000000000	0.000000000	0.000000000	0.000000000	0.000000000	0.000000000	0.000000000	0.000000000	0.000000000	0.000000000	0.000000000	0.000000000	0.000000000	0.000000000	0.000000000	0.000000000	0.000000000	0.000000000	0.000000000	0.000000000	0.000000000	0.000000000	0.000000000	0.000000000	0.000000000	0.000000000	0.000000000	0.000000000	0.000000000	0.000000000	0.000000000	0.000000000	0.000000000	0.000000000	0.000000000		C1:LHO19
0.686464645	0.036607743	-0.005449488	0.001287380	0.000340198	0.006017997	0.065333632	0.020869694	0.001072870	0.000348295	-0.023886456	0.002538339	0.000226269	0.000277600	-0.658109578	-0.008920247	0.245985146	-0.093273198	0.017207941	0.030674165	0.029300988	-0.000082554	-0.057264330	-0.015301721	0.074045976	-0.006462589	0.079692126	0.003304387	0.041863286	-0.011185538	-0.017515134	0.000000000	0.000000000	0.000000000	0.000000000	0.000000000	0.000000000	0.000000000	0.000000000	0.000000000	0.000000000	0.000000000	0.000000000	0.000000000	0.000000000	0.000000000	0.000000000	0.000000000	0.000000000	0.000000000	0.000000000	0.000000000	0.000000000	0.000000000	0.000000000	0.000000000	0.000000000	0.000000000	0.000000000	0.000000000	0.000000000	0.000000000	0.000000000	0.000000000	0.000000000	0.000000000	0.000000000	0.000000000	0.000000000	0.000000000	0.000000000	0.000000000	0.000000000	0.000000000	0.000000000	0.000000000	0.000000000	0.000000000	0.000000000	0.000000000	0.000000000	0.000000000	0.000000000	0.000000000	0.000000000	0.000000000		C1:LHO20
-0.120674028	-0.047654936	-0.011905698	-0.003717765	0.000014475	0.001066764	-0.088591698	0.106763170	-0.080768573	-0.005797647	-0.156567341	-0.008938284	-0.002435951	0.000235182	0.055446393	0.002262434	0.187005510	-0.389618152	0.009356952	0.180918273	0.130687025	-0.148702745	0.376035926	-0.224504501	0.369502807	0.294467079	0.305923405	0.036960377	0.072350019	0.384642702	0.086920978	0.000000000	0.000000000	0.000000000	0.000000000	0.000000000	0.000000000	0.000000000	0.000000000	0.000000000	0.000000000	0.000000000	0.000000000	0.000000000	0.000000000	0.000000000	0.000000000	0.000000000	0.000000000	0.000000000	0.000000000	0.000000000	0.000000000	0.000000000	0.000000000	0.000000000	0.000000000	0.000000000	0.000000000	0.000000000	0.000000000	0.000000000	0.000000000	0.000000000	0.000000000	0.000000000	0.000000000	0.000000000	0.000000000	0.000000000	0.000000000	0.000000000	0.000000000	0.000000000	0.000000000	0.000000000	0.000000000	0.000000000	0.000000000	0.000000000	0.000000000	0.000000000	0.000000000	0.000000000	0.000000000	0.000000000		C1:LHO21
0.061518578	0.036092253	0.025793108	-0.000609733	-0.000068875	-0.000158451	-0.159684060	-0.087350746	0.064031595	-0.014985154	0.095200653	0.008506791	-0.001183617	-0.006917938	-0.008124549	-0.008850582	0.055165607	0.244780461	-0.128160978	0.429250675	0.050689007	-0.359288689	-0.162208123	0.022596141	-0.400742510	0.065514545	-0.192051998	0.038078142	0.144062393	0.544610976	0.069040807	0.000000000	0.000000000	0.000000000	0.000000000	0.000000000	0.000000000	0.000000000	0.000000000	0.000000000	0.000000000	0.000000000	0.000000000	0.000000000	0.000000000	0.000000000	0.000000000	0.000000000	0.000000000	0.000000000	0.000000000	0.000000000	0.000000000	0.000000000	0.000000000	0.000000000	0.000000000	0.000000000	0.000000000	0.000000000	0.000000000	0.000000000	0.000000000	0.000000000	0.000000000	0.000000000	0.000000000	0.000000000	0.000000000	0.000000000	0.000000000	0.000000000	0.000000000	0.000000000	0.000000000	0.000000000	0.000000000	0.000000000	0.000000000	0.000000000	0.000000000	0.000000000	0.000000000	0.000000000	0.000000000	0.000000000		C1:LHO22
0.014570198	0.007417211	-0.000223842	0.000160382	-0.000010744	-0.027964333	0.022204653	-0.223165391	0.002976793	-0.017857855	-0.095893870	0.001700142	0.001594046	0.018849955	-0.003252907	-0.053767713	-0.005450934	0.053862457	-0.090914587	0.062609684	-0.908753775	-0.131877333	-0.016044107	-0.037810462	0.227887269	0.028483614	0.026692599	-0.126160609	0.051109027	0.047703919	0.039748606	0.000000000	0.000000000	0.000000000	0.000000000	0.000000000	0.000000000	0.000000000	0.000000000	0.000000000	0.000000000	0.000000000	0.000000000	0.000000000	0.000000000	0.000000000	0.000000000	0.000000000	0.000000000	0.000000000	0.000000000	0.000000000	0.000000000	0.000000000	0.000000000	0.000000000	0.000000000	0.000000000	0.000000000	0.000000000	0.000000000	0.000000000	0.000000000	0.000000000	0.000000000	0.000000000	0.000000000	0.000000000	0.000000000	0.000000000	0.000000000	0.000000000	0.000000000	0.000000000	0.000000000	0.000000000	0.000000000	0.000000000	0.000000000	0.000000000	0.000000000	0.000000000	0.000000000	0.000000000	0.000000000	0.000000000		C1:LHO23
-0.063814157	-0.122341412	-0.010540379	0.008634397	-0.000741749	0.006606751	0.190229649	0.100363990	-0.067490862	0.000141100	-0.034525854	-0.015933386	0.002697695	0.002809454	-0.004101271	0.011384842	0.056360265	-0.052533622	-0.135058979	0.311230076	0.069005864	-0.094477195	0.132601797	0.281705012	0.282912463	-0.761132123	-0.090263458	-0.030684236	-0.022968476	0.058344713	0.155741422	0.000000000	0.000000000	0.000000000	0.000000000	0.000000000	0.000000000	0.000000000	0.000000000	0.000000000	0.000000000	0.000000000	0.000000000	0.000000000	0.000000000	0.000000000	0.000000000	0.000000000	0.000000000	0.000000000	0.000000000	0.000000000	0.000000000	0.000000000	0.000000000	0.000000000	0.000000000	0.000000000	0.000000000	0.000000000	0.000000000	0.000000000	0.000000000	0.000000000	0.000000000	0.000000000	0.000000000	0.000000000	0.000000000	0.000000000	0.000000000	0.000000000	0.000000000	0.000000000	0.000000000	0.000000000	0.000000000	0.000000000	0.000000000	0.000000000	0.000000000	0.000000000	0.000000000	0.000000000	0.000000000	0.000000000		C1:LHO24
0.001340382	-0.003888465	-0.007284261	-0.000603764	0.000034885	0.005038108	0.024308804	-0.011226190	-0.019983026	-0.246847997	0.021968330	-0.002253434	-0.000863388	-0.002366944	0.032377998	0.023696092	0.073551426	-0.071731265	-0.844572080	-0.081915706	0.034239658	0.004180243	0.027353420	-0.232297307	-0.122665512	-0.080308651	0.144701332	0.036117337	-0.007014322	-0.084145122	-0.313709912	0.000000000	0.000000000	0.000000000	0.000000000	0.000000000	0.000000000	0.000000000	0.000000000	0.000000000	0.000000000	0.000000000	0.000000000	0.000000000	0.000000000	0.000000000	0.000000000	0.000000000	0.000000000	0.000000000	0.000000000	0.000000000	0.000000000	0.000000000	0.000000000	0.000000000	0.000000000	0.000000000	0.000000000	0.000000000	0.000000000	0.000000000	0.000000000	0.000000000	0.000000000	0.000000000	0.000000000	0.000000000	0.000000000	0.000000000	0.000000000	0.000000000	0.000000000	0.000000000	0.000000000	0.000000000	0.000000000	0.000000000	0.000000000	0.000000000	0.000000000	0.000000000	0.000000000	0.000000000	0.000000000	0.000000000		C1:LHO25
-0.009883859	0.019406344	0.004494304	0.000573478	-0.000115440	-0.002084046	-0.415223912	-0.055132773	-0.010119603	0.031703920	0.001426990	-0.002090306	0.000311119	-0.001345513	0.098597320	0.009183414	0.254592077	0.002213053	0.242304468	0.001267574	-0.087928072	0.186779571	-0.130561300	-0.395706657	-0.245039259	-0.471517549	0.423940025	-0.002521350	0.095727321	0.005685505	0.045222121	0.000000000	0.000000000	0.000000000	0.000000000	0.000000000	0.000000000	0.000000000	0.000000000	0.000000000	0.000000000	0.000000000	0.000000000	0.000000000	0.000000000	0.000000000	0.000000000	0.000000000	0.000000000	0.000000000	0.000000000	0.000000000	0.000000000	0.000000000	0.000000000	0.000000000	0.000000000	0.000000000	0.000000000	0.000000000	0.000000000	0.000000000	0.000000000	0.000000000	0.000000000	0.000000000	0.000000000	0.000000000	0.000000000	0.000000000	0.000000000	0.000000000	0.000000000	0.000000000	0.000000000	0.000000000	0.000000000	0.000000000	0.000000000	0.000000000	0.000000000	0.000000000	0.000000000	0.000000000	0.000000000	0.000000000		C1:LHO26
0.017521583	-0.069944391	-0.072438909	-0.003651530	0.000247005	0.026330431	-0.215243956	0.001565500	-0.074458056	-0.074196623	0.080425290	-0.005031111	0.034638455	-0.001028028	0.011510370	0.000360154	0.029954526	0.017248035	-0.012098402	-0.087973903	-0.070312242	-0.047966873	0.120224755	0.745023823	-0.164885453	0.072068041	0.525742981	-0.016986849	-0.007535785	0.050762910	-0.161522524	0.000000000	0.000000000	0.000000000	0.000000000	0.000000000	0.000000000	0.000000000	0.000000000	0.000000000	0.000000000	0.000000000	0.000000000	0.000000000	0.000000000	0.000000000	0.000000000	0.000000000	0.000000000	0.000000000	0.000000000	0.000000000	0.000000000	0.000000000	0.000000000	0.000000000	0.000000000	0.000000000	0.000000000	0.000000000	0.000000000	0.000000000	0.000000000	0.000000000	0.000000000	0.000000000	0.000000000	0.000000000	0.000000000	0.000000000	0.000000000	0.000000000	0.000000000	0.000000000	0.000000000	0.000000000	0.000000000	0.000000000	0.000000000	0.000000000	0.000000000	0.000000000	0.000000000	0.000000000	0.000000000	0.000000000		C1:LHO27
0.664337513	0.044942691	-0.004512968	0.001813556	-0.000637136	0.004529106	-0.001515241	0.046799305	-0.007722438	-0.004744628	-0.041262201	0.003296700	0.000176083	0.000757183	0.703946886	0.010315561	-0.010779891	0.032304004	-0.001997764	0.043969883	0.033846887	-0.019093539	-0.054799000	0.014627139	0.141882054	0.014352690	0.010267015	0.019430278	-0.167346046	0.016569237	-0.005665814	0.000000000	0.000000000	0.000000000	0.000000000	0.000000000	0.000000000	0.000000000	0.000000000	0.000000000	0.000000000	0.000000000	0.000000000	0.000000000	0.000000000	0.000000000	0.000000000	0.000000000	0.000000000	0.000000000	0.000000000	0.000000000	0.000000000	0.000000000	0.000000000	0.000000000	0.000000000	0.000000000	0.000000000	0.000000000	0.000000000	0.000000000	0.000000000	0.000000000	0.000000000	0.000000000	0.000000000	0.000000000	0.000000000	0.000000000	0.000000000	0.000000000	0.000000000	0.000000000	0.000000000	0.000000000	0.000000000	0.000000000	0.000000000	0.000000000	0.000000000	0.000000000	0.000000000	0.000000000	0.000000000	0.000000000		C1:LHO28
0.046883454	0.001521391	-0.008943005	0.000590875	-0.000144012	0.000931239	0.278960745	0.026509162	0.016667092	0.003222463	-0.018199685	0.003256196	0.000585021	0.000068083	0.140275029	-0.023282984	-0.011955617	0.141192464	-0.012777848	0.022145528	0.058597751	0.193945480	-0.050167888	0.051076167	0.077040321	0.042818485	0.109202512	-0.007158530	0.900007612	-0.039241262	-0.011929566	0.000000000	0.000000000	0.000000000	0.000000000	0.000000000	0.000000000	0.000000000	0.000000000	0.000000000	0.000000000	0.000000000	0.000000000	0.000000000	0.000000000	0.000000000	0.000000000	0.000000000	0.000000000	0.000000000	0.000000000	0.000000000	0.000000000	0.000000000	0.000000000	0.000000000	0.000000000	0.000000000	0.000000000	0.000000000	0.000000000	0.000000000	0.000000000	0.000000000	0.000000000	0.000000000	0.000000000	0.000000000	0.000000000	0.000000000	0.000000000	0.000000000	0.000000000	0.000000000	0.000000000	0.000000000	0.000000000	0.000000000	0.000000000	0.000000000	0.000000000	0.000000000	0.000000000	0.000000000	0.000000000	0.000000000		C1:LHO29
-0.081448314	0.243106403	-0.007576155	-0.029781986	0.002367058	-0.004413741	0.053026966	0.040397906	-0.010658698	0.004690037	-0.057597830	0.017275080	0.000475646	0.000087620	0.019286859	0.003507390	0.097970847	-0.153404599	-0.081622557	-0.607364380	0.051450209	-0.155471926	-0.490855435	0.106146335	0.178484617	-0.118997360	-0.001699986	0.006340278	0.028540796	0.403708722	0.164775070	0.000000000	0.000000000	0.000000000	0.000000000	0.000000000	0.000000000	0.000000000	0.000000000	0.000000000	0.000000000	0.000000000	0.000000000	0.000000000	0.000000000	0.000000000	0.000000000	0.000000000	0.000000000	0.000000000	0.000000000	0.000000000	0.000000000	0.000000000	0.000000000	0.000000000	0.000000000	0.000000000	0.000000000	0.000000000	0.000000000	0.000000000	0.000000000	0.000000000	0.000000000	0.000000000	0.000000000	0.000000000	0.000000000	0.000000000	0.000000000	0.000000000	0.000000000	0.000000000	0.000000000	0.000000000	0.000000000	0.000000000	0.000000000	0.000000000	0.000000000	0.000000000	0.000000000	0.000000000	0.000000000	0.000000000		C1:LHO30
0.002521014	-0.019907067	-0.003514101	0.005999370	-0.000391736	-0.000712038	-0.031669576	-0.005759988	0.042116012	0.046388664	0.009139960	0.002733005	-0.001859896	-0.000258273	-0.040829444	0.051561234	-0.014203757	0.229394831	-0.315250080	0.056547100	0.044763852	0.203526926	-0.041996143	0.029565405	0.005575744	0.170216784	0.227759087	0.047554123	-0.106811219	-0.133530041	0.822385758	0.000000000	0.000000000	0.000000000	0.000000000	0.000000000	0.000000000	0.000000000	0.000000000	0.000000000	0.000000000	0.000000000	0.000000000	0.000000000	0.000000000	0.000000000	0.000000000	0.000000000	0.000000000	0.000000000	0.000000000	0.000000000	0.000000000	0.000000000	0.000000000	0.000000000	0.000000000	0.000000000	0.000000000	0.000000000	0.000000000	0.000000000	0.000000000	0.000000000	0.000000000	0.000000000	0.000000000	0.000000000	0.000000000	0.000000000	0.000000000	0.000000000	0.000000000	0.000000000	0.000000000	0.000000000	0.000000000	0.000000000	0.000000000	0.000000000	0.000000000	0.000000000	0.000000000	0.000000000	0.000000000	0.000000000		C1:LHO31
0.000000000	0.000000000	0.000000000	0.000000000	0.000000000	0.000000000	0.000000000	0.000000000	0.000000000	0.000000000	0.000000000	0.000000000	0.000000000	0.000000000	0.000000000	0.000000000	0.000000000	0.000000000	0.000000000	0.000000000	0.000000000	0.000000000	0.000000000	0.000000000	0.000000000	0.000000000	0.000000000	0.000000000	0.000000000	0.000000000	0.000000000	0.456059631	-0.057744557	-0.019334858	-0.000015867	-0.000563852	-0.024972091	0.023060263	0.000329399	0.022258598	0.001466812	-0.000615852	-0.000576448	0.000056134	0.000089692	0.834810112	-0.027142748	-0.095896544	0.135068728	-0.056913038	0.006972285	-0.001511594	-0.218527053	0.001955760	0.019097814	-0.002595730	0.033051856	0.012700208	0.020320905	-0.052375765	0.008496368	-0.075242492	0.000000000	0.000000000	0.000000000	0.000000000	0.000000000	0.000000000	0.000000000	0.000000000	0.000000000	0.000000000	0.000000000	0.000000000	0.000000000	0.000000000	0.000000000	0.000000000	0.000000000	0.000000000	0.000000000	0.000000000	0.000000000	0.000000000	0.000000000	0.000000000		C2:LHO32
0.000000000	0.000000000	0.000000000	0.000000000	0.000000000	0.000000000	0.000000000	0.000000000	0.000000000	0.000000000	0.000000000	0.000000000	0.000000000	0.000000000	0.000000000	0.000000000	0.000000000	0.000000000	0.000000000	0.000000000	0.000000000	0.000000000	0.000000000	0.000000000	0.000000000	0.000000000	0.000000000	0.000000000	0.000000000	0.000000000	0.000000000	0.009973331	0.553150736	-0.597164897	-0.001342902	-0.000088232	-0.128335000	0.012779608	0.002319724	0.454717688	0.007584869	0.017944470	0.023555976	-0.003694203	0.001363866	-0.008666329	-0.002030957	0.005849281	0.105810782	0.013689308	-0.137994047	0.003433657	0.019349523	0.253203332	0.095897981	0.012123521	0.062628232	-0.036365491	0.004129082	-0.008241026	-0.047681275	0.031249664	0.000000000	0.000000000	0.000000000	0.000000000	0.000000000	0.000000000	0.000000000	0.000000000	0.000000000	0.000000000	0.000000000	0.000000000	0.000000000	0.000000000	0.000000000	0.000000000	0.000000000	0.000000000	0.000000000	0.000000000	0.000000000	0.000000000	0.000000000	0.000000000		C2:LHO33
0.000000000	0.000000000	0.000000000	0.000000000	0.000000000	0.000000000	0.000000000	0.000000000	0.000000000	0.000000000	0.000000000	0.000000000	0.000000000	0.000000000	0.000000000	0.000000000	0.000000000	0.000000000	0.000000000	0.000000000	0.000000000	0.000000000	0.000000000	0.000000000	0.000000000	0.000000000	0.000000000	0.000000000	0.000000000	0.000000000	0.000000000	-0.054649990	-0.691465683	-0.152009714	-0.012544233	0.001048492	-0.079774925	-0.031788947	0.006461743	0.206748763	-0.009021576	0.030226392	0.021631472	0.003249233	0.001075825	-0.094176683	-0.006363787	0.027290749	0.347592210	0.013098249	-0.301208444	0.012198047	-0.036027671	0.392386255	-0.091500244	-0.000416936	0.169578586	-0.001464448	-0.001230524	-0.002249962	-0.171129403	-0.027875690	0.000000000	0.000000000	0.000000000	0.000000000	0.000000000	0.000000000	0.000000000	0.000000000	0.000000000	0.000000000	0.000000000	0.000000000	0.000000000	0.000000000	0.000000000	0.000000000	0.000000000	0.000000000	0.000000000	0.000000000	0.000000000	0.000000000	0.000000000	0.000000000		C2:LHO34
0.000000000	0.000000000	0.000000000	0.000000000	0.000000000	0.000000000	0.000000000	0.000000000	0.000000000	0.000000000	0.000000000	0.000000000	0.000000000	0.000000000	0.000000000	0.000000000	0.000000000	0.000000000	0.000000000	0.000000000	0.000000000	0.000000000	0.000000000	0.000000000	0.000000000	0.000000000	0.000000000	0.000000000	0.000000000	0.000000000	0.000000000	0.000053658	-0.001295238	0.016884045	0.541891959	-0.006074270	0.004299218	0.006776637	-0.000520931	0.010086878	-0.005914116	0.000439173	0.452801213	0.704549146	-0.053747231	0.000191246	0.000151885	-0.000084345	-0.001517360	-0.001915783	-0.015921807	-0.001558907	-0.003710383	-0.020581641	0.020280431	0.002419014	-0.007729707	-0.012718879	0.000907726	-0.002017823	-0.011344216	0.007004657	0.000000000	0.000000000	0.000000000	0.000000000	0.000000000	0.000000000	0.000000000	0.000000000	0.000000000	0.000000000	0.000000000	0.000000000	0.000000000	0.000000000	0.000000000	0.000000000	0.000000000	0.000000000	0.000000000	0.000000000	0.000000000	0.000000000	0.000000000	0.000000000		C2:LHO35
0.000000000	0.000000000	0.000000000	0.000000000	0.000000000	0.000000000	0.000000000	0.000000000	0.000000000	0.000000000	0.000000000	0.000000000	0.000000000	0.000000000	0.000000000	0.000000000	0.000000000	0.000000000	0.000000000	0.000000000	0.000000000	0.000000000	0.000000000	0.000000000	0.000000000	0.000000000	0.000000000	0.000000000	0.000000000	0.000000000	0.000000000	0.000000893	-0.000022238	0.000265738	0.002070055	0.999930620	-0.000702970	0.000000198	-0.000000014	0.001245037	-0.000000124	0.000000008	0.010982769	0.000021189	-0.000001602	0.000736040	0.000000002	0.000083883	-0.000171215	-0.000000033	0.002801769	-0.000000049	0.000327174	-0.000595465	0.000000630	0.000000072	-0.000287289	-0.000000381	0.000000032	0.000121951	0.001656981	0.000000157	0.000000000	0.000000000	0.000000000	0.000000000	0.000000000	0.000000000	0.000000000	0.000000000	0.000000000	0.000000000	0.000000000	0.000000000	0.000000000	0.000000000	0.000000000	0.000000000	0.000000000	0.000000000	0.000000000	0.000000000	0.000000000	0.000000000	0.000000000	0.000000000		C2:LHO36
0.000000000	0.000000000	0.000000000	0.000000000	0.000000000	0.000000000	0.000000000	0.000000000	0.000000000	0.000000000	0.000000000	0.000000000	0.000000000	0.000000000	0.000000000	0.000000000	0.000000000	0.000000000	0.000000000	0.000000000	0.000000000	0.000000000	0.000000000	0.000000000	0.000000000	0.000000000	0.000000000	0.000000000	0.000000000	0.000000000	0.000000000	0.005895361	0.059527669	0.038149199	-0.002115007	0.000325103	0.327236263	0.016815544	0.039426414	0.071292690	-0.008547058	0.394324055	-0.001959553	0.001519064	0.018963723	-0.000592261	-0.026082225	-0.007167680	-0.029607209	0.178244017	-0.049904779	0.130717969	-0.005568213	-0.237461671	-0.050074524	0.049825448	0.774612430	-0.084228963	0.002992814	0.052693080	0.027517720	0.000305092	0.000000000	0.000000000	0.000000000	0.000000000	0.000000000	0.000000000	0.000000000	0.000000000	0.000000000	0.000000000	0.000000000	0.000000000	0.000000000	0.000000000	0.000000000	0.000000000	0.000000000	0.000000000	0.000000000	0.000000000	0.000000000	0.000000000	0.000000000	0.000000000		C2:LHO37
0.000000000	0.000000000	0.000000000	0.000000000	0.000000000	0.000000000	0.000000000	0.000000000	0.000000000	0.000000000	0.000000000	0.000000000	0.000000000	0.000000000	0.000000000	0.000000000	0.000000000	0.000000000	0.000000000	0.000000000	0.000000000	0.000000000	0.000000000	0.000000000	0.000000000	0.000000000	0.000000000	0.000000000	0.000000000	0.000000000	0.000000000	-0.154846575	0.057199330	-0.021141350	0.002222123	0.000075081	0.280634160	0.080735323	-0.005256820	0.050218165	0.021091891	-0.005244717	-0.004163926	0.001806671	0.000268657	-0.191675343	-0.112099389	-0.010762423	0.145867927	-0.290872858	0.124333801	-0.007241004	-0.779604963	0.017995164	0.024244909	-0.013465586	-0.038074702	0.053231667	0.010438392	-0.058622810	0.113715560	-0.289012608	0.000000000	0.000000000	0.000000000	0.000000000	0.000000000	0.000000000	0.000000000	0.000000000	0.000000000	0.000000000	0.000000000	0.000000000	0.000000000	0.000000000	0.000000000	0.000000000	0.000000000	0.000000000	0.000000000	0.000000000	0.000000000	0.000000000	0.000000000	0.000000000		C2:LHO38
0.000000000	0.000000000	0.000000000	0.000000000	0.000000000	0.000000000	0.000000000	0.000000000	0.000000000	0.000000000	0.000000000	0.000000000	0.000000000	0.000000000	0.000000000	0.000000000	0.000000000	0.000000000	0.000000000	0.000000000	0.000000000	0.000000000	0.000000000	0.000000000	0.000000000	0.000000000	0.000000000	0.000000000	0.000000000	0.000000000	0.000000000	0.019890642	-0.013074970	0.004073664	-0.000125086	0.000016821	0.022686279	0.110128492	-0.276244250	0.013595372	-0.006554824	0.089640530	0.001172387	-0.001513380	-0.004225803	-0.010027957	0.912959196	0.009166774	-0.064816723	0.076488143	-0.005996416	-0.081076626	-0.098074986	0.055146643	0.032115049	0.130565596	-0.003427227	0.034718285	0.040806337	-0.062029499	0.031387792	-0.115690915	0.000000000	0.000000000	0.000000000	0.000000000	0.000000000	0.000000000	0.000000000	0.000000000	0.000000000	0.000000000	0.000000000	0.000000000	0.000000000	0.000000000	0.000000000	0.000000000	0.000000000	0.000000000	0.000000000	0.000000000	0.000000000	0.000000000	0.000000000	0.000000000		C2:LHO39
0.000000000	0.000000000	0.000000000	0.000000000	0.000000000	0.000000000	0.000000000	0.000000000	0.000000000	0.000000000	0.000000000	0.000000000	0.000000000	0.000000000	0.000000000	0.000000000	0.000000000	0.000000000	0.000000000	0.000000000	0.000000000	0.000000000	0.000000000	0.000000000	0.000000000	0.000000000	0.000000000	0.000000000	0.000000000	0.000000000	0.000000000	-0.013222560	0.035130615	0.592954949	0.019079150	-0.000890696	-0.188590937	-0.000564394	0.000043586	0.764239042	0.011229562	-0.000857937	-0.062662428	0.000141022	-0.000010370	-0.009792124	-0.000200841	0.002662651	0.051882665	0.002619510	0.055525795	0.000018111	-0.001102960	-0.109797680	-0.000246960	-0.000089691	-0.052232684	0.000474198	0.000111714	-0.001848307	0.047667775	-0.001807847	0.000000000	0.000000000	0.000000000	0.000000000	0.000000000	0.000000000	0.000000000	0.000000000	0.000000000	0.000000000	0.000000000	0.000000000	0.000000000	0.000000000	0.000000000	0.000000000	0.000000000	0.000000000	0.000000000	0.000000000	0.000000000	0.000000000	0.000000000	0.000000000		C2:LHO40
0.000000000	0.000000000	0.000000000	0.000000000	0.000000000	0.000000000	0.000000000	0.000000000	0.000000000	0.000000000	0.000000000	0.000000000	0.000000000	0.000000000	0.000000000	0.000000000	0.000000000	0.000000000	0.000000000	0.000000000	0.000000000	0.000000000	0.000000000	0.000000000	0.000000000	0.000000000	0.000000000	0.000000000	0.000000000	0.000000000	0.000000000	-0.000416078	-0.005292544	-0.012880057	-0.000030978	-0.000005768	0.001821990	-0.048627169	0.003771894	-0.005335403	0.957038513	-0.073094582	0.000453975	0.011987074	-0.000879720	0.000398301	-0.017082589	-0.000265324	-0.004156807	0.222971207	0.002186809	0.001585709	-0.000087747	-0.004944346	-0.021480732	-0.007642271	-0.000809405	0.040374039	0.009509475	0.000000134	0.001056902	-0.153901842	0.000000000	0.000000000	0.000000000	0.000000000	0.000000000	0.000000000	0.000000000	0.000000000	0.000000000	0.000000000	0.000000000	0.000000000	0.000000000	0.000000000	0.000000000	0.000000000	0.000000000	0.000000000	0.000000000	0.000000000	0.000000000	0.000000000	0.000000000	0.000000000		C2:LHO41
0.000000000	0.000000000	0.000000000	0.000000000	0.000000000	0.000000000	0.000000000	0.000000000	0.000000000	0.000000000	0.000000000	0.000000000	0.000000000	0.000000000	0.000000000	0.000000000	0.000000000	0.000000000	0.000000000	0.000000000	0.000000000	0.000000000	0.000000000	0.000000000	0.000000000	0.000000000	0.000000000	0.000000000	0.000000000	0.000000000	0.000000000	0.032883681	0.084752032	-0.029565684	0.000156232	-0.000081340	-0.000527970	-0.069112692	0.050601295	0.020725903	-0.017098758	-0.055760753	-0.000033141	0.017315907	-0.003420762	-0.001586767	0.058606108	0.006628094	-0.041213478	0.209030659	0.133083814	0.059012825	-0.237705001	0.043177803	-0.820099149	0.027881308	-0.088466852	-0.244770337	-0.048798098	-0.078481806	-0.136838561	0.287405471	0.000000000	0.000000000	0.000000000	0.000000000	0.000000000	0.000000000	0.000000000	0.000000000	0.000000000	0.000000000	0.000000000	0.000000000	0.000000000	0.000000000	0.000000000	0.000000000	0.000000000	0.000000000	0.000000000	0.000000000	0.000000000	0.000000000	0.000000000	0.000000000		C2:LHO42
0.000000000	0.000000000	0.000000000	0.000000000	0.000000000	0.000000000	0.000000000	0.000000000	0.000000000	0.000000000	0.000000000	0.000000000	0.000000000	0.000000000	0.000000000	0.000000000	0.000000000	0.000000000	0.000000000	0.000000000	0.000000000	0.000000000	0.000000000	0.000000000	0.000000000	0.000000000	0.000000000	0.000000000	0.000000000	0.000000000	0.000000000	0.000114675	-0.002755416	0.034848282	-0.640792726	-0.007259966	-0.003683447	0.000000059	-0.000000020	0.041165527	-0.000000344	-0.000000025	0.763914513	-0.000006789	0.000001803	0.000553844	0.000000003	-0.000087283	-0.002038593	0.000000073	0.026189240	-0.000000090	0.000416828	-0.039804227	0.000000781	-0.000000051	-0.014796112	0.000000136	0.000000031	-0.000055185	0.018509209	-0.000000512	0.000000000	0.000000000	0.000000000	0.000000000	0.000000000	0.000000000	0.000000000	0.000000000	0.000000000	0.000000000	0.000000000	0.000000000	0.000000000	0.000000000	0.000000000	0.000000000	0.000000000	0.000000000	0.000000000	0.000000000	0.000000000	0.000000000	0.000000000	0.000000000		C2:LHO43
0.000000000	0.000000000	0.000000000	0.000000000	0.000000000	0.000000000	0.000000000	0.000000000	0.000000000	0.000000000	0.000000000	0.000000000	0.000000000	0.000000000	0.000000000	0.000000000	0.000000000	0.000000000	0.000000000	0.000000000	0.000000000	0.000000000	0.000000000	0.000000000	0.000000000	0.000000000	0.000000000	0.000000000	0.000000000	0.000000000	0.000000000	-0.000053695	0.001295409	-0.016883881	-0.541892376	0.006044064	-0.004298911	0.006776441	-0.000520880	-0.010086869	-0.005914046	0.000439172	-0.452789075	0.704556875	-0.053747496	-0.000191354	0.000151874	0.000084293	0.001517313	-0.001915775	0.015921569	-0.001558861	0.003710379	0.020582432	0.020279735	0.002419027	0.007729527	-0.012719066	0.000907809	0.002017810	0.011344535	0.007004094	0.000000000	0.000000000	0.000000000	0.000000000	0.000000000	0.000000000	0.000000000	0.000000000	0.000000000	0.000000000	0.000000000	0.000000000	0.000000000	0.000000000	0.000000000	0.000000000	0.000000000	0.000000000	0.000000000	0.000000000	0.000000000	0.000000000	0.000000000	0.000000000		C2:LHO44
0.000000000	0.000000000	0.000000000	0.000000000	0.000000000	0.000000000	0.000000000	0.000000000	0.000000000	0.000000000	0.000000000	0.000000000	0.000000000	0.000000000	0.000000000	0.000000000	0.000000000	0.000000000	0.000000000	0.000000000	0.000000000	0.000000000	0.000000000	0.000000000	0.000000000	0.000000000	0.000000000	0.000000000	0.000000000	0.000000000	0.000000000	-0.000000013	-0.000000029	-0.000000022	0.000000997	-0.000000007	0.000000031	-0.001022320	-0.013333072	-0.000000048	-0.002915955	-0.037647360	-0.000000835	0.075967989	0.995848027	0.000000002	0.004977726	-0.000000049	0.000000012	0.000388603	-0.000000087	-0.023166406	0.000000229	0.000000018	-0.001767980	-0.017820223	0.000000017	-0.002817592	0.004530153	-0.000000108	-0.000000031	0.000412539	0.000000000	0.000000000	0.000000000	0.000000000	0.000000000	0.000000000	0.000000000	0.000000000	0.000000000	0.000000000	0.000000000	0.000000000	0.000000000	0.000000000	0.000000000	0.000000000	0.000000000	0.000000000	0.000000000	0.000000000	0.000000000	0.000000000	0.000000000	0.000000000		C2:LHO45
0.000000000	0.000000000	0.000000000	0.000000000	0.000000000	0.000000000	0.000000000	0.000000000	0.000000000	0.000000000	0.000000000	0.000000000	0.000000000	0.000000000	0.000000000	0.000000000	0.000000000	0.000000000	0.000000000	0.000000000	0.000000000	0.000000000	0.000000000	0.000000000	0.000000000	0.000000000	0.000000000	0.000000000	0.000000000	0.000000000	0.000000000	-0.016428816	0.046313022	-0.042621030	0.015534799	-0.001266854	-0.191865642	-0.213204657	-0.032224134	-0.015462601	-0.062527948	-0.079108156	0.011602502	0.025847256	-0.005925774	0.008301358	-0.000100795	-0.003658404	0.000946001	-0.124397881	0.198822124	-0.057137532	0.142678231	0.122292542	-0.379338811	-0.006937307	0.246718280	0.660466017	0.004165813	0.096540352	0.317733431	-0.236611808	0.000000000	0.000000000	0.000000000	0.000000000	0.000000000	0.000000000	0.000000000	0.000000000	0.000000000	0.000000000	0.000000000	0.000000000	0.000000000	0.000000000	0.000000000	0.000000000	0.000000000	0.000000000	0.000000000	0.000000000	0.000000000	0.000000000	0.000000000	0.000000000		C2:LHO46
0.000000000	0.000000000	0.000000000	0.000000000	0.000000000	0.000000000	0.000000000	0.000000000	0.000000000	0.000000000	0.000000000	0.000000000	0.000000000	0.000000000	0.000000000	0.000000000	0.000000000	0.000000000	0.000000000	0.000000000	0.000000000	0.000000000	0.000000000	0.000000000	0.000000000	0.000000000	0.000000000	0.000000000	0.000000000	0.000000000	0.000000000	0.817146960	-0.026041275	-0.015585776	0.000880599	0.000287919	-0.083787025	0.013507210	0.026024219	-0.005965702	0.030948737	0.061363112	-0.001241888	0.000060099	0.003440064	-0.492099892	-0.005701133	-0.242117187	0.000827403	-0.105420423	0.019661697	0.017796393	-0.034195915	-0.046324910	0.006466789	0.007840131	0.003759410	0.013548691	-0.000511061	0.047183419	-0.010997439	0.009996039	0.000000000	0.000000000	0.000000000	0.000000000	0.000000000	0.000000000	0.000000000	0.000000000	0.000000000	0.000000000	0.000000000	0.000000000	0.000000000	0.000000000	0.000000000	0.000000000	0.000000000	0.000000000	0.000000000	0.000000000	0.000000000	0.000000000	0.000000000	0.000000000		C2:LHO47
0.000000000	0.000000000	0.000000000	0.000000000	0.000000000	0.000000000	0.000000000	0.000000000	0.000000000	0.000000000	0.000000000	0.000000000	0.000000000	0.000000000	0.000000000	0.000000000	0.000000000	0.000000000	0.000000000	0.000000000	0.000000000	0.000000000	0.000000000	0.000000000	0.000000000	0.000000000	0.000000000	0.000000000	0.000000000	0.000000000	0.000000000	0.241554541	-0.004563155	-0.008272718	0.000652944	-0.000114930	-0.034432420	0.009068663	0.017823857	-0.005814813	0.019565116	0.044967970	-0.001019578	0.000118227	0.002569563	-0.034492765	-0.011006144	0.963099413	-0.019781056	-0.069831632	0.014223350	0.014471439	-0.039365307	-0.031548605	0.004933420	0.005464101	0.002277585	0.008961819	-0.004869885	0.016267777	0.002300455	-0.000822267	0.000000000	0.000000000	0.000000000	0.000000000	0.000000000	0.000000000	0.000000000	0.000000000	0.000000000	0.000000000	0.000000000	0.000000000	0.000000000	0.000000000	0.000000000	0.000000000	0.000000000	0.000000000	0.000000000	0.000000000	0.000000000	0.000000000	0.000000000	0.000000000		C2:LHO48
0.000000000	0.000000000	0.000000000	0.000000000	0.000000000	0.000000000	0.000000000	0.000000000	0.000000000	0.000000000	0.000000000	0.000000000	0.000000000	0.000000000	0.000000000	0.000000000	0.000000000	0.000000000	0.000000000	0.000000000	0.000000000	0.000000000	0.000000000	0.000000000	0.000000000	0.000000000	0.000000000	0.000000000	0.000000000	0.000000000	0.000000000	0.074588387	-0.039296852	-0.019698656	0.006940958	-0.000335797	0.678354570	0.046177502	0.005457504	0.162044099	0.118515558	-0.128184991	-0.003263139	-0.001414099	-0.005072357	0.041849930	0.084654846	0.006890645	0.171267143	-0.295572258	0.028313810	-0.044897085	0.279038111	0.112217465	-0.073976758	0.033978318	-0.128743970	0.047047528	-0.020205034	0.105603650	0.290255457	0.364962445	0.000000000	0.000000000	0.000000000	0.000000000	0.000000000	0.000000000	0.000000000	0.000000000	0.000000000	0.000000000	0.000000000	0.000000000	0.000000000	0.000000000	0.000000000	0.000000000	0.000000000	0.000000000	0.000000000	0.000000000	0.000000000	0.000000000	0.000000000	0.000000000		C2:LHO49
0.000000000	0.000000000	0.000000000	0.000000000	0.000000000	0.000000000	0.000000000	0.000000000	0.000000000	0.000000000	0.000000000	0.000000000	0.000000000	0.000000000	0.000000000	0.000000000	0.000000000	0.000000000	0.000000000	0.000000000	0.000000000	0.000000000	0.000000000	0.000000000	0.000000000	0.000000000	0.000000000	0.000000000	0.000000000	0.000000000	0.000000000	0.049145355	0.417498673	0.505513607	-0.016473818	0.001378274	0.032865322	-0.000549024	0.000041758	-0.310136169	0.011201728	-0.000856661	0.024092962	0.000139308	-0.000010273	-0.024028579	-0.000201015	0.020098220	0.303468113	0.002614289	-0.242118142	0.000017823	0.008679763	0.532716341	-0.000247514	-0.000088627	0.121643753	0.000469684	0.000111145	0.001858633	-0.138283134	-0.001794718	0.000000000	0.000000000	0.000000000	0.000000000	0.000000000	0.000000000	0.000000000	0.000000000	0.000000000	0.000000000	0.000000000	0.000000000	0.000000000	0.000000000	0.000000000	0.000000000	0.000000000	0.000000000	0.000000000	0.000000000	0.000000000	0.000000000	0.000000000	0.000000000		C2:LHO50
0.000000000	0.000000000	0.000000000	0.000000000	0.000000000	0.000000000	0.000000000	0.000000000	0.000000000	0.000000000	0.000000000	0.000000000	0.000000000	0.000000000	0.000000000	0.000000000	0.000000000	0.000000000	0.000000000	0.000000000	0.000000000	0.000000000	0.000000000	0.000000000	0.000000000	0.000000000	0.000000000	0.000000000	0.000000000	0.000000000	0.000000000	0.012624011	0.097230781	-0.035177218	-0.010681275	0.001017210	0.018522271	-0.012975209	-0.164503579	-0.044032130	-0.066662571	-0.532428822	-0.015822296	0.000078855	-0.029838710	-0.064663650	0.048186315	0.031613845	0.466311562	0.078664676	-0.225247691	-0.251494912	0.015499813	-0.517097936	-0.063653160	-0.054116325	0.149582221	0.036575075	0.045412563	0.003151015	-0.154761952	-0.031417559	0.000000000	0.000000000	0.000000000	0.000000000	0.000000000	0.000000000	0.000000000	0.000000000	0.000000000	0.000000000	0.000000000	0.000000000	0.000000000	0.000000000	0.000000000	0.000000000	0.000000000	0.000000000	0.000000000	0.000000000	0.000000000	0.000000000	0.000000000	0.000000000		C2:LHO51
0.000000000	0.000000000	0.000000000	0.000000000	0.000000000	0.000000000	0.000000000	0.000000000	0.000000000	0.000000000	0.000000000	0.000000000	0.000000000	0.000000000	0.000000000	0.000000000	0.000000000	0.000000000	0.000000000	0.000000000	0.000000000	0.000000000	0.000000000	0.000000000	0.000000000	0.000000000	0.000000000	0.000000000	0.000000000	0.000000000	0.000000000	0.000753206	-0.007263070	0.000180759	0.001123323	-0.000099963	-0.005520408	-0.008100817	-0.213830130	-0.005291317	-0.022062320	-0.276048563	0.000187313	-0.000892470	0.013992333	-0.005996143	-0.078604441	0.002203884	0.037729731	0.002536006	0.065917240	0.623310046	0.014478355	-0.005459958	0.060075187	0.684337805	0.014345276	0.032891985	0.011271088	0.013124178	-0.049122226	-0.023134767	0.000000000	0.000000000	0.000000000	0.000000000	0.000000000	0.000000000	0.000000000	0.000000000	0.000000000	0.000000000	0.000000000	0.000000000	0.000000000	0.000000000	0.000000000	0.000000000	0.000000000	0.000000000	0.000000000	0.000000000	0.000000000	0.000000000	0.000000000	0.000000000		C2:LHO52
0.000000000	0.000000000	0.000000000	0.000000000	0.000000000	0.000000000	0.000000000	0.000000000	0.000000000	0.000000000	0.000000000	0.000000000	0.000000000	0.000000000	0.000000000	0.000000000	0.000000000	0.000000000	0.000000000	0.000000000	0.000000000	0.000000000	0.000000000	0.000000000	0.000000000	0.000000000	0.000000000	0.000000000	0.000000000	0.000000000	0.000000000	-0.002518252	-0.003755761	0.001183526	0.000219224	0.000001331	-0.003586400	0.116499201	0.790768372	0.000447292	-0.041274071	-0.323564718	0.000567172	0.000315152	0.002561333	-0.006757263	0.289961518	0.001345231	0.001739934	0.076099125	-0.011296577	0.319602796	-0.044359951	-0.012815519	0.087929707	-0.149634117	0.080986915	0.084242256	-0.120169648	-0.010260089	0.034229225	-0.029215572	0.000000000	0.000000000	0.000000000	0.000000000	0.000000000	0.000000000	0.000000000	0.000000000	0.000000000	0.000000000	0.000000000	0.000000000	0.000000000	0.000000000	0.000000000	0.000000000	0.000000000	0.000000000	0.000000000	0.000000000	0.000000000	0.000000000	0.000000000	0.000000000		C2:LHO53
0.000000000	0.000000000	0.000000000	0.000000000	0.000000000	0.000000000	0.000000000	0.000000000	0.000000000	0.000000000	0.000000000	0.000000000	0.000000000	0.000000000	0.000000000	0.000000000	0.000000000	0.000000000	0.000000000	0.000000000	0.000000000	0.000000000	0.000000000	0.000000000	0.000000000	0.000000000	0.000000000	0.000000000	0.000000000	0.000000000	0.000000000	0.000448555	0.010423162	-0.006128030	-0.000467548	0.000032616	0.009868380	-0.011575041	-0.376380728	0.006160063	0.012631794	-0.058010876	-0.000314465	0.003198773	-0.006664758	0.000727039	0.053751045	0.000760842	0.010183828	-0.087496036	0.002786848	0.597230264	0.028815706	-0.013374529	-0.022501194	-0.681459178	0.004993412	0.003330036	0.140437783	0.001524347	-0.030095449	0.020778579	0.000000000	0.000000000	0.000000000	0.000000000	0.000000000	0.000000000	0.000000000	0.000000000	0.000000000	0.000000000	0.000000000	0.000000000	0.000000000	0.000000000	0.000000000	0.000000000	0.000000000	0.000000000	0.000000000	0.000000000	0.000000000	0.000000000	0.000000000	0.000000000		C2:LHO54
0.000000000	0.000000000	0.000000000	0.000000000	0.000000000	0.000000000	0.000000000	0.000000000	0.000000000	0.000000000	0.000000000	0.000000000	0.000000000	0.000000000	0.000000000	0.000000000	0.000000000	0.000000000	0.000000000	0.000000000	0.000000000	0.000000000	0.000000000	0.000000000	0.000000000	0.000000000	0.000000000	0.000000000	0.000000000	0.000000000	0.000000000	0.031742983	-0.008914704	-0.026310573	0.014776128	-0.000944171	-0.097708546	-0.015415995	-0.025000224	-0.079443528	-0.099093877	0.105761035	-0.000580813	-0.002596562	0.005112227	-0.050018915	-0.047500813	0.021082284	0.332013573	0.431125029	-0.081852568	0.095759287	-0.008898967	-0.009672349	0.012111580	-0.011117612	-0.165478996	-0.236688546	-0.014784144	-0.007389848	0.741477669	-0.095697685	0.000000000	0.000000000	0.000000000	0.000000000	0.000000000	0.000000000	0.000000000	0.000000000	0.000000000	0.000000000	0.000000000	0.000000000	0.000000000	0.000000000	0.000000000	0.000000000	0.000000000	0.000000000	0.000000000	0.000000000	0.000000000	0.000000000	0.000000000	0.000000000		C2:LHO55
0.000000000	0.000000000	0.000000000	0.000000000	0.000000000	0.000000000	0.000000000	0.000000000	0.000000000	0.000000000	0.000000000	0.000000000	0.000000000	0.000000000	0.000000000	0.000000000	0.000000000	0.000000000	0.000000000	0.000000000	0.000000000	0.000000000	0.000000000	0.000000000	0.000000000	0.000000000	0.000000000	0.000000000	0.000000000	0.000000000	0.000000000	0.046769606	-0.017068828	0.014808847	-0.003174608	0.000238324	0.114910045	0.032981317	-0.072238927	0.062115425	-0.090055471	-0.195537901	0.003043794	-0.000858267	-0.010855759	0.038664803	-0.029601619	0.005729366	-0.248859638	0.248715630	-0.100109983	-0.062870588	-0.142590388	0.121383966	0.004351180	-0.042633817	-0.038426940	-0.044951521	0.019806660	0.854233888	-0.032248014	-0.125431192	0.000000000	0.000000000	0.000000000	0.000000000	0.000000000	0.000000000	0.000000000	0.000000000	0.000000000	0.000000000	0.000000000	0.000000000	0.000000000	0.000000000	0.000000000	0.000000000	0.000000000	0.000000000	0.000000000	0.000000000	0.000000000	0.000000000	0.000000000	0.000000000		C2:LHO56
0.000000000	0.000000000	0.000000000	0.000000000	0.000000000	0.000000000	0.000000000	0.000000000	0.000000000	0.000000000	0.000000000	0.000000000	0.000000000	0.000000000	0.000000000	0.000000000	0.000000000	0.000000000	0.000000000	0.000000000	0.000000000	0.000000000	0.000000000	0.000000000	0.000000000	0.000000000	0.000000000	0.000000000	0.000000000	0.000000000	0.000000000	-0.020481306	0.001891544	-0.000128312	0.000419501	-0.000024519	-0.022216929	0.001379335	0.191708944	-0.012353561	0.003541641	0.044815808	-0.000490983	-0.000893740	0.000900885	-0.009604722	0.010147294	0.002207492	0.027173658	-0.005683991	0.000204368	-0.015203918	-0.006983553	-0.010062103	-0.032611732	0.080908833	-0.032829468	0.006960791	0.972404222	0.030929483	0.013851412	0.057853166	0.000000000	0.000000000	0.000000000	0.000000000	0.000000000	0.000000000	0.000000000	0.000000000	0.000000000	0.000000000	0.000000000	0.000000000	0.000000000	0.000000000	0.000000000	0.000000000	0.000000000	0.000000000	0.000000000	0.000000000	0.000000000	0.000000000	0.000000000	0.000000000		C2:LHO57
0.000000000	0.000000000	0.000000000	0.000000000	0.000000000	0.000000000	0.000000000	0.000000000	0.000000000	0.000000000	0.000000000	0.000000000	0.000000000	0.000000000	0.000000000	0.000000000	0.000000000	0.000000000	0.000000000	0.000000000	0.000000000	0.000000000	0.000000000	0.000000000	0.000000000	0.000000000	0.000000000	0.000000000	0.000000000	0.000000000	0.000000000	-0.014878806	-0.035074974	0.006737133	0.001358233	-0.000117162	-0.128017864	0.704156984	-0.125017146	-0.028510342	0.032399624	-0.021327445	0.003042013	-0.004841852	-0.001012254	-0.017437786	-0.126768181	0.001420457	-0.029114836	0.238160469	0.009738399	-0.041789054	-0.166969326	0.037988157	0.053637687	-0.017521491	0.067545478	0.393298318	-0.000067924	-0.046835134	0.064399317	0.440927329	0.000000000	0.000000000	0.000000000	0.000000000	0.000000000	0.000000000	0.000000000	0.000000000	0.000000000	0.000000000	0.000000000	0.000000000	0.000000000	0.000000000	0.000000000	0.000000000	0.000000000	0.000000000	0.000000000	0.000000000	0.000000000	0.000000000	0.000000000	0.000000000		C2:LHO58
0.000000000	0.000000000	0.000000000	0.000000000	0.000000000	0.000000000	0.000000000	0.000000000	0.000000000	0.000000000	0.000000000	0.000000000	0.000000000	0.000000000	0.000000000	0.000000000	0.000000000	0.000000000	0.000000000	0.000000000	0.000000000	0.000000000	0.000000000	0.000000000	0.000000000	0.000000000	0.000000000	0.000000000	0.000000000	0.000000000	0.000000000	0.143162969	-0.048834813	0.035060045	-0.003102948	0.000287766	0.284638748	-0.001779534	-0.111748713	0.120295924	-0.134486484	-0.405050296	0.005350328	-0.001108450	-0.021086811	-0.035248749	-0.143754817	0.028549708	-0.434190382	0.278340835	-0.099282047	-0.129018096	0.040827085	0.241402419	0.024188454	-0.062353961	0.114267891	-0.041986456	0.105590324	-0.466371236	0.088809798	-0.232976924	0.000000000	0.000000000	0.000000000	0.000000000	0.000000000	0.000000000	0.000000000	0.000000000	0.000000000	0.000000000	0.000000000	0.000000000	0.000000000	0.000000000	0.000000000	0.000000000	0.000000000	0.000000000	0.000000000	0.000000000	0.000000000	0.000000000	0.000000000	0.000000000		C2:LHO59
0.000000000	0.000000000	0.000000000	0.000000000	0.000000000	0.000000000	0.000000000	0.000000000	0.000000000	0.000000000	0.000000000	0.000000000	0.000000000	0.000000000	0.000000000	0.000000000	0.000000000	0.000000000	0.000000000	0.000000000	0.000000000	0.000000000	0.000000000	0.000000000	0.000000000	0.000000000	0.000000000	0.000000000	0.000000000	0.000000000	0.000000000	0.064208947	0.034536040	-0.031540847	-0.004376635	0.000369937	0.353973071	-0.004659377	0.061132288	0.072973247	-0.137153213	0.287477714	-0.010213776	0.010935776	0.013309798	-0.014890999	-0.051101805	0.018604950	0.229850474	0.432689787	0.136484208	0.085774486	0.116942811	-0.062560397	-0.013527917	-0.022578056	-0.367287495	0.377380901	-0.008471674	-0.055603648	-0.355776558	-0.250756143	0.000000000	0.000000000	0.000000000	0.000000000	0.000000000	0.000000000	0.000000000	0.000000000	0.000000000	0.000000000	0.000000000	0.000000000	0.000000000	0.000000000	0.000000000	0.000000000	0.000000000	0.000000000	0.000000000	0.000000000	0.000000000	0.000000000	0.000000000	0.000000000		C2:LHO60
0.000000000	0.000000000	0.000000000	0.000000000	0.000000000	0.000000000	0.000000000	0.000000000	0.000000000	0.000000000	0.000000000	0.000000000	0.000000000	0.000000000	0.000000000	0.000000000	0.000000000	0.000000000	0.000000000	0.000000000	0.000000000	0.000000000	0.000000000	0.000000000	0.000000000	0.000000000	0.000000000	0.000000000	0.000000000	0.000000000	0.000000000	-0.009054415	0.056110213	0.026575047	-0.024755028	0.002075472	0.037886341	-0.016653021	0.048540059	0.009587396	0.025669201	0.172079828	-0.012760605	0.011087734	0.011334541	0.031717861	-0.016990249	-0.019687584	-0.247249417	-0.137077405	-0.805992140	0.128190032	-0.071240145	-0.211613531	-0.200415048	0.077788985	-0.222352820	0.232207508	-0.031245619	-0.051070185	0.095826856	-0.027185266	0.000000000	0.000000000	0.000000000	0.000000000	0.000000000	0.000000000	0.000000000	0.000000000	0.000000000	0.000000000	0.000000000	0.000000000	0.000000000	0.000000000	0.000000000	0.000000000	0.000000000	0.000000000	0.000000000	0.000000000	0.000000000	0.000000000	0.000000000	0.000000000		C2:LHO61
0.000000000	0.000000000	0.000000000	0.000000000	0.000000000	0.000000000	0.000000000	0.000000000	0.000000000	0.000000000	0.000000000	0.000000000	0.000000000	0.000000000	0.000000000	0.000000000	0.000000000	0.000000000	0.000000000	0.000000000	0.000000000	0.000000000	0.000000000	0.000000000	0.000000000	0.000000000	0.000000000	0.000000000	0.000000000	0.000000000	0.000000000	0.015172244	-0.021670088	0.018723916	-0.001945850	0.000185934	0.020867326	-0.642550058	-0.025993447	-0.001904170	-0.010699490	-0.030235936	-0.000798327	-0.002573972	-0.001898931	-0.018198390	0.055384507	0.006065684	-0.044028819	0.233041255	-0.022657127	-0.012659049	-0.321852703	0.014399853	0.306127897	-0.020214449	0.022907033	0.257705797	-0.010530431	-0.039664886	0.019660957	0.506594484	0.000000000	0.000000000	0.000000000	0.000000000	0.000000000	0.000000000	0.000000000	0.000000000	0.000000000	0.000000000	0.000000000	0.000000000	0.000000000	0.000000000	0.000000000	0.000000000	0.000000000	0.000000000	0.000000000	0.000000000	0.000000000	0.000000000	0.000000000	0.000000000		C2:LHO62
0.000000000	0.000000000	0.000000000	0.000000000	0.000000000	0.000000000	0.000000000	0.000000000	0.000000000	0.000000000	0.000000000	0.000000000	0.000000000	0.000000000	0.000000000	0.000000000	0.000000000	0.000000000	0.000000000	0.000000000	0.000000000	0.000000000	0.000000000	0.000000000	0.000000000	0.000000000	0.000000000	0.000000000	0.000000000	0.000000000	0.000000000	0.000000000	0.000000000	0.000000000	0.000000000	0.000000000	0.000000000	0.000000000	0.000000000	0.000000000	0.000000000	0.000000000	0.000000000	0.000000000	0.000000000	0.000000000	0.000000000	0.000000000	0.000000000	0.000000000	0.000000000	0.000000000	0.000000000	0.000000000	0.000000000	0.000000000	0.000000000	0.000000000	0.000000000	0.000000000	0.000000000	0.000000000	0.983766552	0.000772155	0.000822637	-0.167713951	0.063623942	-0.005111007	0.000000000	0.000000000	0.000000000	0.000000000	0.000000000	0.000000000	0.000000000	0.000000000	0.000000000	0.000000000	0.000000000	0.000000000	0.000000000	0.000000000	0.000000000	0.000000000	0.000000000	0.000000000		H3:LHO63
0.000000000	0.000000000	0.000000000	0.000000000	0.000000000	0.000000000	0.000000000	0.000000000	0.000000000	0.000000000	0.000000000	0.000000000	0.000000000	0.000000000	0.000000000	0.000000000	0.000000000	0.000000000	0.000000000	0.000000000	0.000000000	0.000000000	0.000000000	0.000000000	0.000000000	0.000000000	0.000000000	0.000000000	0.000000000	0.000000000	0.000000000	0.000000000	0.000000000	0.000000000	0.000000000	0.000000000	0.000000000	0.000000000	0.000000000	0.000000000	0.000000000	0.000000000	0.000000000	0.000000000	0.000000000	0.000000000	0.000000000	0.000000000	0.000000000	0.000000000	0.000000000	0.000000000	0.000000000	0.000000000	0.000000000	0.000000000	0.000000000	0.000000000	0.000000000	0.000000000	0.000000000	0.000000000	0.032547903	0.982612856	-0.002935488	0.173065366	-0.058579024	0.004568198	0.000000000	0.000000000	0.000000000	0.000000000	0.000000000	0.000000000	0.000000000	0.000000000	0.000000000	0.000000000	0.000000000	0.000000000	0.000000000	0.000000000	0.000000000	0.000000000	0.000000000	0.000000000		H3:LHO64
0.000000000	0.000000000	0.000000000	0.000000000	0.000000000	0.000000000	0.000000000	0.000000000	0.000000000	0.000000000	0.000000000	0.000000000	0.000000000	0.000000000	0.000000000	0.000000000	0.000000000	0.000000000	0.000000000	0.000000000	0.000000000	0.000000000	0.000000000	0.000000000	0.000000000	0.000000000	0.000000000	0.000000000	0.000000000	0.000000000	0.000000000	0.000000000	0.000000000	0.000000000	0.000000000	0.000000000	0.000000000	0.000000000	0.000000000	0.000000000	0.000000000	0.000000000	0.000000000	0.000000000	0.000000000	0.000000000	0.000000000	0.000000000	0.000000000	0.000000000	0.000000000	0.000000000	0.000000000	0.000000000	0.000000000	0.000000000	0.000000000	0.000000000	0.000000000	0.000000000	0.000000000	0.000000000	0.000064548	0.001886840	0.999638227	0.014000898	0.022822482	-0.001720628	0.000000000	0.000000000	0.000000000	0.000000000	0.000000000	0.000000000	0.000000000	0.000000000	0.000000000	0.000000000	0.000000000	0.000000000	0.000000000	0.000000000	0.000000000	0.000000000	0.000000000	0.000000000		H3:LHO65
0.000000000	0.000000000	0.000000000	0.000000000	0.000000000	0.000000000	0.000000000	0.000000000	0.000000000	0.000000000	0.000000000	0.000000000	0.000000000	0.000000000	0.000000000	0.000000000	0.000000000	0.000000000	0.000000000	0.000000000	0.000000000	0.000000000	0.000000000	0.000000000	0.000000000	0.000000000	0.000000000	0.000000000	0.000000000	0.000000000	0.000000000	0.000000000	0.000000000	0.000000000	0.000000000	0.000000000	0.000000000	0.000000000	0.000000000	0.000000000	0.000000000	0.000000000	0.000000000	0.000000000	0.000000000	0.000000000	0.000000000	0.000000000	0.000000000	0.000000000	0.000000000	0.000000000	0.000000000	0.000000000	0.000000000	0.000000000	0.000000000	0.000000000	0.000000000	0.000000000	0.000000000	0.000000000	0.125374933	-0.136599220	-0.021681809	0.891650450	0.411193650	-0.032108200	0.000000000	0.000000000	0.000000000	0.000000000	0.000000000	0.000000000	0.000000000	0.000000000	0.000000000	0.000000000	0.000000000	0.000000000	0.000000000	0.000000000	0.000000000	0.000000000	0.000000000	0.000000000		H3:LHO66
0.000000000	0.000000000	0.000000000	0.000000000	0.000000000	0.000000000	0.000000000	0.000000000	0.000000000	0.000000000	0.000000000	0.000000000	0.000000000	0.000000000	0.000000000	0.000000000	0.000000000	0.000000000	0.000000000	0.000000000	0.000000000	0.000000000	0.000000000	0.000000000	0.000000000	0.000000000	0.000000000	0.000000000	0.000000000	0.000000000	0.000000000	0.000000000	0.000000000	0.000000000	0.000000000	0.000000000	0.000000000	0.000000000	0.000000000	0.000000000	0.000000000	0.000000000	0.000000000	0.000000000	0.000000000	0.000000000	0.000000000	0.000000000	0.000000000	0.000000000	0.000000000	0.000000000	0.000000000	0.000000000	0.000000000	0.000000000	0.000000000	0.000000000	0.000000000	0.000000000	0.000000000	0.000000000	-0.124197772	0.125731731	-0.015621082	-0.382993256	0.903839683	-0.070088669	0.000000000	0.000000000	0.000000000	0.000000000	0.000000000	0.000000000	0.000000000	0.000000000	0.000000000	0.000000000	0.000000000	0.000000000	0.000000000	0.000000000	0.000000000	0.000000000	0.000000000	0.000000000		H3:LHO67
0.000000000	0.000000000	0.000000000	0.000000000	0.000000000	0.000000000	0.000000000	0.000000000	0.000000000	0.000000000	0.000000000	0.000000000	0.000000000	0.000000000	0.000000000	0.000000000	0.000000000	0.000000000	0.000000000	0.000000000	0.000000000	0.000000000	0.000000000	0.000000000	0.000000000	0.000000000	0.000000000	0.000000000	0.000000000	0.000000000	0.000000000	0.000000000	0.000000000	0.000000000	0.000000000	0.000000000	0.000000000	0.000000000	0.000000000	0.000000000	0.000000000	0.000000000	0.000000000	0.000000000	0.000000000	0.000000000	0.000000000	0.000000000	0.000000000	0.000000000	0.000000000	0.000000000	0.000000000	0.000000000	0.000000000	0.000000000	0.000000000	0.000000000	0.000000000	0.000000000	0.000000000	0.000000000	0.000200773	-0.000055328	-0.000053565	0.000162598	0.077415998	0.996998842	0.000000000	0.000000000	0.000000000	0.000000000	0.000000000	0.000000000	0.000000000	0.000000000	0.000000000	0.000000000	0.000000000	0.000000000	0.000000000	0.000000000	0.000000000	0.000000000	0.000000000	0.000000000		H3:LHO68
0.000000000	0.000000000	0.000000000	0.000000000	0.000000000	0.000000000	0.000000000	0.000000000	0.000000000	0.000000000	0.000000000	0.000000000	0.000000000	0.000000000	0.000000000	0.000000000	0.000000000	0.000000000	0.000000000	0.000000000	0.000000000	0.000000000	0.000000000	0.000000000	0.000000000	0.000000000	0.000000000	0.000000000	0.000000000	0.000000000	0.000000000	0.000000000	0.000000000	0.000000000	0.000000000	0.000000000	0.000000000	0.000000000	0.000000000	0.000000000	0.000000000	0.000000000	0.000000000	0.000000000	0.000000000	0.000000000	0.000000000	0.000000000	0.000000000	0.000000000	0.000000000	0.000000000	0.000000000	0.000000000	0.000000000	0.000000000	0.000000000	0.000000000	0.000000000	0.000000000	0.000000000	0.000000000	0.000000000	0.000000000	0.000000000	0.000000000	0.000000000	0.000000000	0.989476805	0.026835127	0.001481398	-0.141192117	-0.016612236	0.001467372	0.000000000	0.000000000	0.000000000	0.000000000	0.000000000	0.000000000	0.000000000	0.000000000	0.000000000	0.000000000	0.000000000	0.000000000		H4:LHO69
0.000000000	0.000000000	0.000000000	0.000000000	0.000000000	0.000000000	0.000000000	0.000000000	0.000000000	0.000000000	0.000000000	0.000000000	0.000000000	0.000000000	0.000000000	0.000000000	0.000000000	0.000000000	0.000000000	0.000000000	0.000000000	0.000000000	0.000000000	0.000000000	0.000000000	0.000000000	0.000000000	0.000000000	0.000000000	0.000000000	0.000000000	0.000000000	0.000000000	0.000000000	0.000000000	0.000000000	0.000000000	0.000000000	0.000000000	0.000000000	0.000000000	0.000000000	0.000000000	0.000000000	0.000000000	0.000000000	0.000000000	0.000000000	0.000000000	0.000000000	0.000000000	0.000000000	0.000000000	0.000000000	0.000000000	0.000000000	0.000000000	0.000000000	0.000000000	0.000000000	0.000000000	0.000000000	0.000000000	0.000000000	0.000000000	0.000000000	0.000000000	0.000000000	0.000000207	0.981813148	-0.002926872	0.179167934	0.062523516	-0.004902704	0.000000000	0.000000000	0.000000000	0.000000000	0.000000000	0.000000000	0.000000000	0.000000000	0.000000000	0.000000000	0.000000000	0.000000000		H4:LHO70
0.000000000	0.000000000	0.000000000	0.000000000	0.000000000	0.000000000	0.000000000	0.000000000	0.000000000	0.000000000	0.000000000	0.000000000	0.000000000	0.000000000	0.000000000	0.000000000	0.000000000	0.000000000	0.000000000	0.000000000	0.000000000	0.000000000	0.000000000	0.000000000	0.000000000	0.000000000	0.000000000	0.000000000	0.000000000	0.000000000	0.000000000	0.000000000	0.000000000	0.000000000	0.000000000	0.000000000	0.000000000	0.000000000	0.000000000	0.000000000	0.000000000	0.000000000	0.000000000	0.000000000	0.000000000	0.000000000	0.000000000	0.000000000	0.000000000	0.000000000	0.000000000	0.000000000	0.000000000	0.000000000	0.000000000	0.000000000	0.000000000	0.000000000	0.000000000	0.000000000	0.000000000	0.000000000	0.000000000	0.000000000	0.000000000	0.000000000	0.000000000	0.000000000	0.000064277	0.001887080	0.999638226	0.014000527	-0.022822717	0.001720743	0.000000000	0.000000000	0.000000000	0.000000000	0.000000000	0.000000000	0.000000000	0.000000000	0.000000000	0.000000000	0.000000000	0.000000000		H4:LHO71
0.000000000	0.000000000	0.000000000	0.000000000	0.000000000	0.000000000	0.000000000	0.000000000	0.000000000	0.000000000	0.000000000	0.000000000	0.000000000	0.000000000	0.000000000	0.000000000	0.000000000	0.000000000	0.000000000	0.000000000	0.000000000	0.000000000	0.000000000	0.000000000	0.000000000	0.000000000	0.000000000	0.000000000	0.000000000	0.000000000	0.000000000	0.000000000	0.000000000	0.000000000	0.000000000	0.000000000	0.000000000	0.000000000	0.000000000	0.000000000	0.000000000	0.000000000	0.000000000	0.000000000	0.000000000	0.000000000	0.000000000	0.000000000	0.000000000	0.000000000	0.000000000	0.000000000	0.000000000	0.000000000	0.000000000	0.000000000	0.000000000	0.000000000	0.000000000	0.000000000	0.000000000	0.000000000	0.000000000	0.000000000	0.000000000	0.000000000	0.000000000	0.000000000	0.125807887	-0.139552099	-0.021302110	0.901024611	-0.389196436	0.030407099	0.000000000	0.000000000	0.000000000	0.000000000	0.000000000	0.000000000	0.000000000	0.000000000	0.000000000	0.000000000	0.000000000	0.000000000		H4:LHO72
0.000000000	0.000000000	0.000000000	0.000000000	0.000000000	0.000000000	0.000000000	0.000000000	0.000000000	0.000000000	0.000000000	0.000000000	0.000000000	0.000000000	0.000000000	0.000000000	0.000000000	0.000000000	0.000000000	0.000000000	0.000000000	0.000000000	0.000000000	0.000000000	0.000000000	0.000000000	0.000000000	0.000000000	0.000000000	0.000000000	0.000000000	0.000000000	0.000000000	0.000000000	0.000000000	0.000000000	0.000000000	0.000000000	0.000000000	0.000000000	0.000000000	0.000000000	0.000000000	0.000000000	0.000000000	0.000000000	0.000000000	0.000000000	0.000000000	0.000000000	0.000000000	0.000000000	0.000000000	0.000000000	0.000000000	0.000000000	0.000000000	0.000000000	0.000000000	0.000000000	0.000000000	0.000000000	0.000000000	0.000000000	0.000000000	0.000000000	0.000000000	0.000000000	0.071470144	-0.125874786	0.016089547	0.368676341	0.915329661	-0.070979222	0.000000000	0.000000000	0.000000000	0.000000000	0.000000000	0.000000000	0.000000000	0.000000000	0.000000000	0.000000000	0.000000000	0.000000000		H4:LHO73
0.000000000	0.000000000	0.000000000	0.000000000	0.000000000	0.000000000	0.000000000	0.000000000	0.000000000	0.000000000	0.000000000	0.000000000	0.000000000	0.000000000	0.000000000	0.000000000	0.000000000	0.000000000	0.000000000	0.000000000	0.000000000	0.000000000	0.000000000	0.000000000	0.000000000	0.000000000	0.000000000	0.000000000	0.000000000	0.000000000	0.000000000	0.000000000	0.000000000	0.000000000	0.000000000	0.000000000	0.000000000	0.000000000	0.000000000	0.000000000	0.000000000	0.000000000	0.000000000	0.000000000	0.000000000	0.000000000	0.000000000	0.000000000	0.000000000	0.000000000	0.000000000	0.000000000	0.000000000	0.000000000	0.000000000	0.000000000	0.000000000	0.000000000	0.000000000	0.000000000	0.000000000	0.000000000	0.000000000	0.000000000	0.000000000	0.000000000	0.000000000	0.000000000	-0.000205213	0.000080036	0.000053275	-0.000168192	0.077406154	0.996999603	0.000000000	0.000000000	0.000000000	0.000000000	0.000000000	0.000000000	0.000000000	0.000000000	0.000000000	0.000000000	0.000000000	0.000000000		H4:LHO74
0.000000000	0.000000000	0.000000000	0.000000000	0.000000000	0.000000000	0.000000000	0.000000000	0.000000000	0.000000000	0.000000000	0.000000000	0.000000000	0.000000000	0.000000000	0.000000000	0.000000000	0.000000000	0.000000000	0.000000000	0.000000000	0.000000000	0.000000000	0.000000000	0.000000000	0.000000000	0.000000000	0.000000000	0.000000000	0.000000000	0.000000000	0.000000000	0.000000000	0.000000000	0.000000000	0.000000000	0.000000000	0.000000000	0.000000000	0.000000000	0.000000000	0.000000000	0.000000000	0.000000000	0.000000000	0.000000000	0.000000000	0.000000000	0.000000000	0.000000000	0.000000000	0.000000000	0.000000000	0.000000000	0.000000000	0.000000000	0.000000000	0.000000000	0.000000000	0.000000000	0.000000000	0.000000000	0.000000000	0.000000000	0.000000000	0.000000000	0.000000000	0.000000000	0.000000000	0.000000000	0.000000000	0.000000000	0.000000000	0.000000000	0.989477456	0.026834529	0.001481480	0.141188047	-0.016607626	0.001483161	0.000000000	0.000000000	0.000000000	0.000000000	0.000000000	0.000000000		H5:LHO75
0.000000000	0.000000000	0.000000000	0.000000000	0.000000000	0.000000000	0.000000000	0.000000000	0.000000000	0.000000000	0.000000000	0.000000000	0.000000000	0.000000000	0.000000000	0.000000000	0.000000000	0.000000000	0.000000000	0.000000000	0.000000000	0.000000000	0.000000000	0.000000000	0.000000000	0.000000000	0.000000000	0.000000000	0.000000000	0.000000000	0.000000000	0.000000000	0.000000000	0.000000000	0.000000000	0.000000000	0.000000000	0.000000000	0.000000000	0.000000000	0.000000000	0.000000000	0.000000000	0.000000000	0.000000000	0.000000000	0.000000000	0.000000000	0.000000000	0.000000000	0.000000000	0.000000000	0.000000000	0.000000000	0.000000000	0.000000000	0.000000000	0.000000000	0.000000000	0.000000000	0.000000000	0.000000000	0.000000000	0.000000000	0.000000000	0.000000000	0.000000000	0.000000000	0.000000000	0.000000000	0.000000000	0.000000000	0.000000000	0.000000000	0.000000268	0.981812525	-0.002926942	-0.179170496	0.062528368	-0.004871847	0.000000000	0.000000000	0.000000000	0.000000000	0.000000000	0.000000000		H5:LHO76
0.000000000	0.000000000	0.000000000	0.000000000	0.000000000	0.000000000	0.000000000	0.000000000	0.000000000	0.000000000	0.000000000	0.000000000	0.000000000	0.000000000	0.000000000	0.000000000	0.000000000	0.000000000	0.000000000	0.000000000	0.000000000	0.000000000	0.000000000	0.000000000	0.000000000	0.000000000	0.000000000	0.000000000	0.000000000	0.000000000	0.000000000	0.000000000	0.000000000	0.000000000	0.000000000	0.000000000	0.000000000	0.000000000	0.000000000	0.000000000	0.000000000	0.000000000	0.000000000	0.000000000	0.000000000	0.000000000	0.000000000	0.000000000	0.000000000	0.000000000	0.000000000	0.000000000	0.000000000	0.000000000	0.000000000	0.000000000	0.000000000	0.000000000	0.000000000	0.000000000	0.000000000	0.000000000	0.000000000	0.000000000	0.000000000	0.000000000	0.000000000	0.000000000	0.000000000	0.000000000	0.000000000	0.000000000	0.000000000	0.000000000	0.000064276	0.001887087	0.999638227	-0.014000914	-0.022822449	0.001720644	0.000000000	0.000000000	0.000000000	0.000000000	0.000000000	0.000000000		H5:LHO77
0.000000000	0.000000000	0.000000000	0.000000000	0.000000000	0.000000000	0.000000000	0.000000000	0.000000000	0.000000000	0.000000000	0.000000000	0.000000000	0.000000000	0.000000000	0.000000000	0.000000000	0.000000000	0.000000000	0.000000000	0.000000000	0.000000000	0.000000000	0.000000000	0.000000000	0.000000000	0.000000000	0.000000000	0.000000000	0.000000000	0.000000000	0.000000000	0.000000000	0.000000000	0.000000000	0.000000000	0.000000000	0.000000000	0.000000000	0.000000000	0.000000000	0.000000000	0.000000000	0.000000000	0.000000000	0.000000000	0.000000000	0.000000000	0.000000000	0.000000000	0.000000000	0.000000000	0.000000000	0.000000000	0.000000000	0.000000000	0.000000000	0.000000000	0.000000000	0.000000000	0.000000000	0.000000000	0.000000000	0.000000000	0.000000000	0.000000000	0.000000000	0.000000000	0.000000000	0.000000000	0.000000000	0.000000000	0.000000000	0.000000000	-0.125805606	0.139553961	0.021302303	0.901025775	0.389194520	-0.030397886	0.000000000	0.000000000	0.000000000	0.000000000	0.000000000	0.000000000		H5:LHO78
0.000000000	0.000000000	0.000000000	0.000000000	0.000000000	0.000000000	0.000000000	0.000000000	0.000000000	0.000000000	0.000000000	0.000000000	0.000000000	0.000000000	0.000000000	0.000000000	0.000000000	0.000000000	0.000000000	0.000000000	0.000000000	0.000000000	0.000000000	0.000000000	0.000000000	0.000000000	0.000000000	0.000000000	0.000000000	0.000000000	0.000000000	0.000000000	0.000000000	0.000000000	0.000000000	0.000000000	0.000000000	0.000000000	0.000000000	0.000000000	0.000000000	0.000000000	0.000000000	0.000000000	0.000000000	0.000000000	0.000000000	0.000000000	0.000000000	0.000000000	0.000000000	0.000000000	0.000000000	0.000000000	0.000000000	0.000000000	0.000000000	0.000000000	0.000000000	0.000000000	0.000000000	0.000000000	0.000000000	0.000000000	0.000000000	0.000000000	0.000000000	0.000000000	0.000000000	0.000000000	0.000000000	0.000000000	0.000000000	0.000000000	0.071465110	-0.125877727	0.016089215	-0.368673801	0.915329156	-0.070998863	0.000000000	0.000000000	0.000000000	0.000000000	0.000000000	0.000000000		H5:LHO79
0.000000000	0.000000000	0.000000000	0.000000000	0.000000000	0.000000000	0.000000000	0.000000000	0.000000000	0.000000000	0.000000000	0.000000000	0.000000000	0.000000000	0.000000000	0.000000000	0.000000000	0.000000000	0.000000000	0.000000000	0.000000000	0.000000000	0.000000000	0.000000000	0.000000000	0.000000000	0.000000000	0.000000000	0.000000000	0.000000000	0.000000000	0.000000000	0.000000000	0.000000000	0.000000000	0.000000000	0.000000000	0.000000000	0.000000000	0.000000000	0.000000000	0.000000000	0.000000000	0.000000000	0.000000000	0.000000000	0.000000000	0.000000000	0.000000000	0.000000000	0.000000000	0.000000000	0.000000000	0.000000000	0.000000000	0.000000000	0.000000000	0.000000000	0.000000000	0.000000000	0.000000000	0.000000000	0.000000000	0.000000000	0.000000000	0.000000000	0.000000000	0.000000000	0.000000000	0.000000000	0.000000000	0.000000000	0.000000000	0.000000000	-0.000218602	0.000045300	0.000053544	0.000156121	0.077418914	0.996998613	0.000000000	0.000000000	0.000000000	0.000000000	0.000000000	0.000000000		H5:LHO80
0.000000000	0.000000000	0.000000000	0.000000000	0.000000000	0.000000000	0.000000000	0.000000000	0.000000000	0.000000000	0.000000000	0.000000000	0.000000000	0.000000000	0.000000000	0.000000000	0.000000000	0.000000000	0.000000000	0.000000000	0.000000000	0.000000000	0.000000000	0.000000000	0.000000000	0.000000000	0.000000000	0.000000000	0.000000000	0.000000000	0.000000000	0.000000000	0.000000000	0.000000000	0.000000000	0.000000000	0.000000000	0.000000000	0.000000000	0.000000000	0.000000000	0.000000000	0.000000000	0.000000000	0.000000000	0.000000000	0.000000000	0.000000000	0.000000000	0.000000000	0.000000000	0.000000000	0.000000000	0.000000000	0.000000000	0.000000000	0.000000000	0.000000000	0.000000000	0.000000000	0.000000000	0.000000000	0.000000000	0.000000000	0.000000000	0.000000000	0.000000000	0.000000000	0.000000000	0.000000000	0.000000000	0.000000000	0.000000000	0.000000000	0.000000000	0.000000000	0.000000000	0.000000000	0.000000000	0.000000000	0.983768454	0.000774136	0.000822797	0.167708352	0.063609428	-0.005109043		H6:LHO81
0.000000000	0.000000000	0.000000000	0.000000000	0.000000000	0.000000000	0.000000000	0.000000000	0.000000000	0.000000000	0.000000000	0.000000000	0.000000000	0.000000000	0.000000000	0.000000000	0.000000000	0.000000000	0.000000000	0.000000000	0.000000000	0.000000000	0.000000000	0.000000000	0.000000000	0.000000000	0.000000000	0.000000000	0.000000000	0.000000000	0.000000000	0.000000000	0.000000000	0.000000000	0.000000000	0.000000000	0.000000000	0.000000000	0.000000000	0.000000000	0.000000000	0.000000000	0.000000000	0.000000000	0.000000000	0.000000000	0.000000000	0.000000000	0.000000000	0.000000000	0.000000000	0.000000000	0.000000000	0.000000000	0.000000000	0.000000000	0.000000000	0.000000000	0.000000000	0.000000000	0.000000000	0.000000000	0.000000000	0.000000000	0.000000000	0.000000000	0.000000000	0.000000000	0.000000000	0.000000000	0.000000000	0.000000000	0.000000000	0.000000000	0.000000000	0.000000000	0.000000000	0.000000000	0.000000000	0.000000000	0.032547668	0.982609146	-0.002935443	-0.173083449	-0.058587718	0.004571328		H6:LHO82
0.000000000	0.000000000	0.000000000	0.000000000	0.000000000	0.000000000	0.000000000	0.000000000	0.000000000	0.000000000	0.000000000	0.000000000	0.000000000	0.000000000	0.000000000	0.000000000	0.000000000	0.000000000	0.000000000	0.000000000	0.000000000	0.000000000	0.000000000	0.000000000	0.000000000	0.000000000	0.000000000	0.000000000	0.000000000	0.000000000	0.000000000	0.000000000	0.000000000	0.000000000	0.000000000	0.000000000	0.000000000	0.000000000	0.000000000	0.000000000	0.000000000	0.000000000	0.000000000	0.000000000	0.000000000	0.000000000	0.000000000	0.000000000	0.000000000	0.000000000	0.000000000	0.000000000	0.000000000	0.000000000	0.000000000	0.000000000	0.000000000	0.000000000	0.000000000	0.000000000	0.000000000	0.000000000	0.000000000	0.000000000	0.000000000	0.000000000	0.000000000	0.000000000	0.000000000	0.000000000	0.000000000	0.000000000	0.000000000	0.000000000	0.000000000	0.000000000	0.000000000	0.000000000	0.000000000	0.000000000	0.000064552	0.001886841	0.999638227	-0.014000471	0.022822725	-0.001720627		H6:LHO83
0.000000000	0.000000000	0.000000000	0.000000000	0.000000000	0.000000000	0.000000000	0.000000000	0.000000000	0.000000000	0.000000000	0.000000000	0.000000000	0.000000000	0.000000000	0.000000000	0.000000000	0.000000000	0.000000000	0.000000000	0.000000000	0.000000000	0.000000000	0.000000000	0.000000000	0.000000000	0.000000000	0.000000000	0.000000000	0.000000000	0.000000000	0.000000000	0.000000000	0.000000000	0.000000000	0.000000000	0.000000000	0.000000000	0.000000000	0.000000000	0.000000000	0.000000000	0.000000000	0.000000000	0.000000000	0.000000000	0.000000000	0.000000000	0.000000000	0.000000000	0.000000000	0.000000000	0.000000000	0.000000000	0.000000000	0.000000000	0.000000000	0.000000000	0.000000000	0.000000000	0.000000000	0.000000000	0.000000000	0.000000000	0.000000000	0.000000000	0.000000000	0.000000000	0.000000000	0.000000000	0.000000000	0.000000000	0.000000000	0.000000000	0.000000000	0.000000000	0.000000000	0.000000000	0.000000000	0.000000000	-0.125371113	0.136607406	0.021682049	0.891634294	-0.411226888	0.032111094		H6:LHO84
0.000000000	0.000000000	0.000000000	0.000000000	0.000000000	0.000000000	0.000000000	0.000000000	0.000000000	0.000000000	0.000000000	0.000000000	0.000000000	0.000000000	0.000000000	0.000000000	0.000000000	0.000000000	0.000000000	0.000000000	0.000000000	0.000000000	0.000000000	0.000000000	0.000000000	0.000000000	0.000000000	0.000000000	0.000000000	0.000000000	0.000000000	0.000000000	0.000000000	0.000000000	0.000000000	0.000000000	0.000000000	0.000000000	0.000000000	0.000000000	0.000000000	0.000000000	0.000000000	0.000000000	0.000000000	0.000000000	0.000000000	0.000000000	0.000000000	0.000000000	0.000000000	0.000000000	0.000000000	0.000000000	0.000000000	0.000000000	0.000000000	0.000000000	0.000000000	0.000000000	0.000000000	0.000000000	0.000000000	0.000000000	0.000000000	0.000000000	0.000000000	0.000000000	0.000000000	0.000000000	0.000000000	0.000000000	0.000000000	0.000000000	0.000000000	0.000000000	0.000000000	0.000000000	0.000000000	0.000000000	-0.124186627	0.125751816	-0.015620720	0.383025163	0.903825058	-0.070086694		H6:LHO85
0.000000000	0.000000000	0.000000000	0.000000000	0.000000000	0.000000000	0.000000000	0.000000000	0.000000000	0.000000000	0.000000000	0.000000000	0.000000000	0.000000000	0.000000000	0.000000000	0.000000000	0.000000000	0.000000000	0.000000000	0.000000000	0.000000000	0.000000000	0.000000000	0.000000000	0.000000000	0.000000000	0.000000000	0.000000000	0.000000000	0.000000000	0.000000000	0.000000000	0.000000000	0.000000000	0.000000000	0.000000000	0.000000000	0.000000000	0.000000000	0.000000000	0.000000000	0.000000000	0.000000000	0.000000000	0.000000000	0.000000000	0.000000000	0.000000000	0.000000000	0.000000000	0.000000000	0.000000000	0.000000000	0.000000000	0.000000000	0.000000000	0.000000000	0.000000000	0.000000000	0.000000000	0.000000000	0.000000000	0.000000000	0.000000000	0.000000000	0.000000000	0.000000000	0.000000000	0.000000000	0.000000000	0.000000000	0.000000000	0.000000000	0.000000000	0.000000000	0.000000000	0.000000000	0.000000000	0.000000000	0.000200014	-0.000057885	-0.000053572	-0.000162913	0.077415465	0.996998883		H6:LHO86