Fock matrix in AO basis
86	86
A1: R1*s(0)	A1: R2*s(0)	A1: R3*s(0)	A1: R4*s(0)	A1: R5*s(0)	A1: R6*p(0)	A1: R6*p(1)	A1: R6*p(-1)	A1: R7*p(0)	A1: R7*p(1)	A1: R7*p(-1)	A1: R8*p(0)	A1: R8*p(1)	A1: R8*p(-1)	A1: R9*d(0)	A1: R9*d(1)	A1: R9*d(-1)	A1: R9*d(2)	A1: R9*d(-2)	A1: R10*d(0)	A1: R10*d(1)	A1: R10*d(-1)	A1: R10*d(2)	A1: R10*d(-2)	A1: R11*f(0)	A1: R11*f(1)	A1: R11*f(-1)	A1: R11*f(2)	A1: R11*f(-2)	A1: R11*f(3)	A1: R11*f(-3)	A2: R12*s(0)	A2: R13*s(0)	A2: R14*s(0)	A2: R15*s(0)	A2: R16*s(0)	A2: R17*p(0)	A2: R17*p(1)	A2: R17*p(-1)	A2: R18*p(0)	A2: R18*p(1)	A2: R18*p(-1)	A2: R19*p(0)	A2: R19*p(1)	A2: R19*p(-1)	A2: R20*d(0)	A2: R20*d(1)	A2: R20*d(-1)	A2: R20*d(2)	A2: R20*d(-2)	A2: R21*d(0)	A2: R21*d(1)	A2: R21*d(-1)	A2: R21*d(2)	A2: R21*d(-2)	A2: R22*f(0)	A2: R22*f(1)	A2: R22*f(-1)	A2: R22*f(2)	A2: R22*f(-2)	A2: R22*f(3)	A2: R22*f(-3)	A3: R23*s(0)	A3: R24*s(0)	A3: R25*s(0)	A3: R26*p(0)	A3: R26*p(1)	A3: R26*p(-1)	A4: R27*s(0)	A4: R28*s(0)	A4: R29*s(0)	A4: R30*p(0)	A4: R30*p(1)	A4: R30*p(-1)	A5: R31*s(0)	A5: R32*s(0)	A5: R33*s(0)	A5: R34*p(0)	A5: R34*p(1)	A5: R34*p(-1)	A6: R35*s(0)	A6: R36*s(0)	A6: R37*s(0)	A6: R38*p(0)	A6: R38*p(1)	A6: R38*p(-1)	

-4.789819828	-11.161718569	-4.301347784	-2.270768739	-1.190547847	0.002210580	-0.000000025	-0.000000002	0.000122933	-0.000000007	-0.000000004	-0.002530343	0.000000020	-0.000000004	-0.003373101	0.000000002	-0.000377919	0.000918181	-0.000000022	-0.004299033	0.000000001	-0.000600970	-0.000424781	0.000000000	0.000000002	-0.000016715	0.000000001	0.000000012	0.000374882	0.004044318	-0.000000112	-0.001038898	0.000838859	-0.140278545	-0.557405981	-0.661508773	0.143799144	-0.000001372	0.000000105	1.208699565	-0.000011493	0.000000877	1.045267931	-0.000009938	0.000000758	0.091412604	-0.000000228	0.000042668	-0.157761334	0.000002999	0.904530061	-0.000002271	0.000034574	-1.566271961	0.000029771	-0.000001190	-0.669648444	0.000006365	0.000001538	0.000107075	0.865631496	-0.000024678	-0.065488443	-0.767970133	-0.820654205	-0.432561705	-0.699685838	0.053324199	-0.065488235	-0.767969485	-0.820653983	-0.432548530	0.699692317	-0.053325192	-0.001299721	-0.019734483	-0.251829006	-0.001766208	0.000689178	-0.000051762	-0.001299728	-0.019734360	-0.251828481	-0.001766192	-0.000689048	0.000051773		A1: R1*s(0)
-11.161718569	-7.176625227	-3.880439547	-2.308392920	-1.288382376	-0.001093929	0.000000009	-0.000000010	-0.000909583	0.000000017	-0.000000011	0.001421085	0.000000010	-0.000000010	0.008029887	-0.000000009	0.000844592	-0.002959534	0.000000062	0.005247383	-0.000000012	0.000657503	-0.000519681	0.000000051	0.000000000	0.000041885	-0.000000005	-0.000000022	-0.000635553	-0.006811024	0.000000200	0.000838843	-0.001975541	-0.208364668	-0.621908025	-0.727045572	0.244524428	-0.000002254	0.000000162	1.268867236	-0.000011961	0.000000899	1.114937928	-0.000010524	0.000000792	0.154521082	-0.000000390	-0.000091941	-0.268837724	0.000005133	0.867782270	-0.000002183	-0.000084744	-1.504144814	0.000028636	-0.000001165	-0.658070431	0.000006240	0.000001510	-0.000061072	0.848919061	-0.000024199	-0.157287429	-0.849289376	-0.900281397	-0.495247193	-0.801142728	0.061054174	-0.157287135	-0.849288745	-0.900281158	-0.495232268	0.801150434	-0.061055308	0.000916996	-0.029539930	-0.284867410	0.003323756	0.000487376	-0.000037326	0.000916867	-0.029539889	-0.284866903	0.003323741	-0.000487494	0.000037306		A1: R2*s(0)
-4.301347784	-3.880439547	-2.203841619	-1.668418770	-1.151976732	-0.033574913	0.000000387	0.000000003	-0.053959421	0.000000591	0.000000000	-0.020284683	0.000000230	0.000000007	0.096873499	-0.000000095	0.010001113	-0.037806718	0.000000716	0.121390686	-0.000000121	0.012301047	-0.049967884	0.000000990	-0.000000010	0.021199384	-0.000000269	-0.000000435	-0.012848992	-0.163743964	0.000004514	-0.140278551	-0.208364709	-0.428695158	-0.660048487	-0.716342740	0.397051084	-0.000003758	0.000000277	0.950980243	-0.000009010	0.000000680	0.916375734	-0.000008677	0.000000665	0.103491032	-0.000000268	-0.000354354	-0.183867529	0.000003492	0.471301840	-0.000001189	0.000202257	-0.813660675	0.000015419	-0.000000485	-0.272133279	0.000002581	0.000000611	-0.000606031	0.344861090	-0.000009820	-0.356093334	-0.769467411	-0.839971431	-0.295791168	-0.478434663	0.036442616	-0.356093072	-0.769466976	-0.839971222	-0.295782369	0.478439505	-0.036443231	-0.005751266	-0.094364375	-0.324590679	0.060500793	0.027862867	-0.002124487	-0.005751136	-0.094364041	-0.324590148	0.060499964	-0.027864518	0.002124410		A1: R3*s(0)
-2.270768739	-2.308392920	-1.668418770	-1.336174447	-1.002823104	-0.038611128	0.000000440	0.000000002	-0.135834902	0.000001376	-0.000000040	-0.111309721	0.000001087	-0.000000042	0.119873307	-0.000000117	0.012223312	-0.048602471	0.000000926	0.242180597	-0.000000293	0.020623455	-0.150499789	0.000002924	0.000000023	0.051351502	-0.000000577	-0.000000697	-0.019393216	-0.272467486	0.000007522	-0.557405982	-0.621908072	-0.660048479	-0.745119161	-0.724469639	0.334086740	-0.000003183	0.000000233	0.691378929	-0.000006579	0.000000498	0.693814951	-0.000006577	0.000000511	0.085568740	-0.000000191	0.001185146	-0.132768690	0.000002529	0.354191644	-0.000000838	0.003058235	-0.573511936	0.000010848	-0.000000420	-0.229815608	0.000002196	0.000000548	0.001050821	0.307846709	-0.000008713	-0.368037808	-0.643774045	-0.728311011	-0.218154655	-0.355397935	0.027070762	-0.368037629	-0.643773734	-0.728310821	-0.218148091	0.355401341	-0.027071301	-0.064876344	-0.197979575	-0.383986917	0.106852523	0.090189149	-0.006873929	-0.064876108	-0.197979249	-0.383986483	0.106850657	-0.090191876	0.006873846		A1: R4*s(0)
-1.190547847	-1.288382376	-1.151976732	-1.002823104	-0.778836788	-0.020897450	0.000000254	0.000000007	-0.153071741	0.000001509	-0.000000057	-0.179560115	0.000001705	-0.000000083	0.095266058	-0.000000091	0.009766379	-0.037880042	0.000000721	0.255669041	-0.000000331	0.019879111	-0.183505972	0.000003533	0.000000038	0.053102311	-0.000000572	-0.000000619	-0.016729124	-0.246471708	0.000006803	-0.661508770	-0.727045611	-0.716342722	-0.724469626	-0.652062485	0.189207225	-0.000001832	0.000000139	0.427552770	-0.000004122	0.000000328	0.444023626	-0.000004240	0.000000347	0.074433797	-0.000000110	0.003687400	-0.080898885	0.000001561	0.283183660	-0.000000547	0.008220153	-0.383186069	0.000007270	-0.000000271	-0.135653225	0.000001319	0.000000434	0.005416160	0.232713845	-0.000006478	-0.326525698	-0.490897299	-0.547225782	-0.161529625	-0.267558877	0.020382426	-0.326525591	-0.490897091	-0.547225627	-0.161524699	0.267561168	-0.020383041	-0.137839923	-0.266356746	-0.390494325	0.106064411	0.129822222	-0.009892807	-0.137839714	-0.266356531	-0.390494037	0.106061949	-0.129824941	0.009892729		A1: R5*s(0)
0.002210580	-0.001093929	-0.033574913	-0.038611128	-0.020897450	0.106099748	0.000000488	-0.000000058	-0.535662119	0.000000622	-0.000000073	-0.378107752	0.000000171	-0.000000026	0.022159894	-0.000000195	-0.006526087	-0.122926624	0.000002998	0.021423760	-0.000000247	-0.008662391	-0.149868808	0.000003723	0.000000088	0.114527140	-0.000000283	-0.000000037	0.010249053	-0.039088376	0.000000929	-0.143799146	-0.244524386	-0.397051097	-0.334086752	-0.189207229	0.372058989	-0.000004511	0.000000353	0.248928335	-0.000004084	0.000000319	0.016956257	-0.000002080	0.000000159	0.035976730	-0.000000183	-0.000405932	-0.067609919	0.000002364	-0.032082670	-0.000000115	-0.001424020	0.037085605	0.000001513	0.000000140	0.093534268	-0.000000742	-0.000000190	-0.000138837	-0.122273775	0.000002960	0.206928721	0.183160006	0.085975173	-0.087294780	0.084942921	-0.006453795	0.206922615	0.183154567	0.085972409	-0.087297659	-0.084941390	0.006453840	-0.003252544	-0.082366413	-0.125605788	0.069131628	0.031634407	-0.002411599	-0.003252356	-0.082365523	-0.125604736	0.069130403	-0.031634636	0.002411667		A1: R6*p(0)
-0.000000025	0.000000009	0.000000387	0.000000440	0.000000254	0.000000488	0.160646311	0.008064789	0.000000622	-0.469772673	0.010088311	0.000000174	-0.361941632	0.005042931	-0.000000282	-0.007737548	0.000000237	0.000002328	0.069598394	-0.000000279	-0.011875500	0.000000317	0.000003022	0.093978875	-0.011592715	-0.000000276	0.083848137	-0.009924158	-0.000000097	-0.000000419	-0.030823607	0.000001365	0.000002359	0.000003759	0.000003187	0.000001838	-0.000004526	-0.106739929	-0.005084569	-0.000004139	-0.184834486	-0.004591569	-0.000002153	-0.204878961	-0.001300490	-0.000000334	0.000166029	0.000000088	0.000002815	0.114389638	0.000000252	-0.002800697	0.000000210	0.000004068	0.232008642	-0.000471709	-0.000000738	0.014370930	0.000572044	-0.000000071	-0.000000341	-0.053067592	0.333483494	0.301717114	0.156156945	0.084152905	-0.001765818	-0.009794324	-0.333487006	-0.301720274	-0.156158400	-0.084151441	-0.001762659	-0.009794644	-0.005446722	-0.034764627	-0.052362490	0.030701794	0.008220691	-0.002914248	0.005446738	0.034766045	0.052364768	-0.030702848	0.008220632	-0.002914556		A1: R6*p(1)
-0.000000002	-0.000000010	0.000000003	0.000000002	0.000000007	-0.000000058	0.008064789	0.265502010	-0.000000078	0.010087788	-0.338497232	-0.000000036	0.005038262	-0.296282918	-0.000000036	-0.030686541	0.000000294	-0.000000218	-0.007737077	-0.000000069	-0.060713472	0.000000565	-0.000000301	-0.011880872	0.056705167	-0.000000062	0.000032530	-0.032858931	0.000000646	0.000000009	-0.000764953	-0.000000100	-0.000000176	-0.000000300	-0.000000252	-0.000000139	0.000000336	-0.005084547	-0.173023669	0.000000298	-0.004594358	-0.244697573	0.000000135	-0.001309653	-0.221920447	0.000000169	0.116548279	-0.000001111	-0.000000131	0.000166683	0.000000217	0.195538479	-0.000001863	-0.000000159	-0.002800470	0.028984552	-0.000000027	0.000117851	-0.034847476	0.000000663	-0.000000045	0.000796242	-0.025437702	-0.023009963	-0.011904274	-0.006425639	-0.009848112	-0.129965231	0.025438258	0.023010413	0.011904518	0.006425625	-0.009848470	-0.129965087	0.000412909	0.002646011	0.003988445	-0.002337980	-0.002913775	-0.029787467	-0.000412791	-0.002646087	-0.003988583	0.002338127	-0.002913595	-0.029787331		A1: R6*p(-1)
0.000122933	-0.000909583	-0.053959421	-0.135834902	-0.153071741	-0.535662119	0.000000622	-0.000000078	-0.545043947	0.000002388	-0.000000237	-0.510011455	0.000001946	-0.000000180	0.034568379	-0.000000282	-0.009094671	-0.178074961	0.000004224	0.155534011	-0.000000733	-0.016894090	-0.489506567	0.000010607	0.000000255	0.267721823	-0.000001007	-0.000000180	0.019384101	-0.139473657	0.000003512	-1.208699563	-1.268867185	-0.950980235	-0.691378916	-0.427552762	0.248928344	-0.000004144	0.000000334	0.070330628	-0.000002424	0.000000207	-0.062074172	-0.000001368	0.000000109	0.029073615	-0.000000036	0.002814621	-0.013705212	0.000000537	-0.004920079	0.000000058	0.002950556	0.047090729	-0.000000556	-0.000000177	-0.074092908	0.000000882	0.000000220	0.003324124	0.130969611	-0.000003680	0.198581109	0.138273320	0.023287102	-0.015464869	0.014521872	-0.001090555	0.198575306	0.138269075	0.023284635	-0.015465382	-0.014521770	0.001090436	-0.123050246	-0.300423167	-0.322231958	0.164316710	0.176563673	-0.013454484	-0.123048820	-0.300421354	-0.322230650	0.164312733	-0.176565058	0.013454566		A1: R7*p(0)
-0.000000007	0.000000017	0.000000591	0.000001376	0.000001509	0.000000622	-0.469772673	0.010087788	0.000002388	-0.297431806	0.018885863	0.000001949	-0.308713947	0.011901240	-0.000000414	-0.010348678	0.000000320	0.000003236	0.092194337	-0.000001580	-0.020360158	0.000000581	0.000007250	0.155804981	-0.022934119	-0.000000996	0.161212549	-0.017738671	-0.000000209	-0.000000516	-0.069638934	0.000011487	0.000012104	0.000008999	0.000006557	0.000004091	-0.000004107	-0.184834473	-0.004594387	-0.000002407	-0.178454208	-0.002870608	-0.000001418	-0.203526354	0.001706810	-0.000000255	0.000866185	0.000000000	0.000000722	0.029069909	-0.000000005	-0.003130427	0.000000050	0.000000280	0.033972741	-0.002327226	0.000000850	0.013563237	-0.001041365	-0.000000020	-0.000001282	-0.002095269	0.321056334	0.239799031	0.145221602	0.015279421	-0.001160370	-0.001181848	-0.321059808	-0.239801466	-0.145221898	-0.015279114	-0.001159775	-0.001181772	-0.060517185	-0.082856783	-0.066969533	0.061633810	0.016515769	-0.005852469	0.060519278	0.082862276	0.066975525	-0.061636676	0.016518564	-0.005853074		A1: R7*p(1)
-0.000000004	-0.000000011	0.000000000	-0.000000040	-0.000000057	-0.000000073	0.010088311	-0.338497232	-0.000000237	0.018885863	-0.051084882	-0.000000189	0.011898345	-0.153333987	-0.000000044	-0.042327106	0.000000399	-0.000000302	-0.010345818	-0.000000043	-0.109475346	0.000001013	-0.000000679	-0.020362944	0.099775370	-0.000000070	-0.001109361	-0.058770916	0.000001163	-0.000000006	-0.000264213	-0.000000873	-0.000000919	-0.000000699	-0.000000503	-0.000000297	0.000000303	-0.004591552	-0.244697570	0.000000161	-0.002870584	-0.215713777	0.000000057	0.001702660	-0.181069906	0.000000067	0.040306228	-0.000000390	-0.000000028	0.000866859	-0.000000022	-0.006969534	0.000000056	-0.000000014	-0.003129777	0.003139032	-0.000000057	0.000187933	0.005498383	-0.000000100	0.000000093	0.000672789	-0.024482718	-0.018281983	-0.011065107	-0.001169488	-0.001216020	-0.016828805	0.024483284	0.018282340	0.011065285	0.001169529	-0.001216119	-0.016828731	0.004611215	0.006309805	0.005097556	-0.004693201	-0.005854312	-0.059825083	-0.004611181	-0.006310160	-0.005097961	0.004693500	-0.005854252	-0.059824890		A1: R7*p(-1)
-0.002530343	0.001421085	-0.020284683	-0.111309721	-0.179560115	-0.378107752	0.000000174	-0.000000036	-0.510011455	0.000001949	-0.000000189	-0.413465120	0.000002449	-0.000000209	0.017038135	-0.000000151	-0.005175416	-0.096827346	0.000002265	0.156702208	-0.000000580	-0.010808615	-0.412262567	0.000008368	0.000000176	0.173016507	-0.000000725	-0.000000125	0.011572054	-0.100249047	0.000002488	-1.045267923	-1.114937896	-0.916375713	-0.693814931	-0.444023621	0.016956260	-0.000002161	0.000000192	-0.062074191	-0.000001453	0.000000161	-0.132973482	-0.000000112	0.000000036	0.061733628	-0.000000011	0.007500501	-0.009296770	0.000000407	0.091391831	0.000000045	0.013740845	0.020967173	0.000000022	-0.000000150	-0.005452674	0.000000575	0.000000298	0.012422072	0.139146437	-0.000004289	0.161675247	0.100759351	-0.035204003	-0.002118190	0.069550266	-0.005291894	0.161670556	0.100756269	-0.035205048	-0.002120619	-0.069549711	0.005291371	-0.242106705	-0.373442204	-0.361263585	0.123208390	0.214345337	-0.016329015	-0.242104502	-0.373440250	-0.361262598	0.123204141	-0.214346169	0.016328998		A1: R8*p(0)
0.000000020	0.000000010	0.000000230	0.000001087	0.000001705	0.000000171	-0.361941632	0.005038262	0.000001946	-0.308713947	0.011898345	0.000002449	-0.156759222	0.009634614	-0.000000202	-0.005972335	0.000000180	0.000001737	0.048741243	-0.000001531	-0.013004490	0.000000364	0.000005119	0.076113649	-0.013616968	-0.000000714	0.097215760	-0.010327678	-0.000000138	-0.000000417	-0.050598947	0.000009935	0.000010625	0.000008667	0.000006550	0.000004199	-0.000002102	-0.204878940	-0.001309684	-0.000001360	-0.203526331	0.001702620	-0.000000084	-0.138579775	0.004143978	-0.000000561	0.002127874	-0.000000053	0.000000532	0.019297509	-0.000000868	0.001639696	-0.000000066	0.000000621	0.034422104	-0.005266692	0.000000518	0.048709075	-0.003788032	-0.000000130	-0.000003070	-0.062873917	0.262632931	0.175186226	0.065641454	0.071303994	0.063623023	-0.008550914	-0.262635785	-0.175188013	-0.065640753	-0.071302820	0.063625845	-0.008550917	-0.111790738	-0.101895110	-0.054682295	0.043675483	0.023349524	-0.005721569	0.111795056	0.101902002	0.054689041	-0.043677497	0.023353092	-0.005722092		A1: R8*p(1)
-0.000000004	-0.000000010	0.000000007	-0.000000042	-0.000000083	-0.000000026	0.005042931	-0.296282918	-0.000000180	0.011901240	-0.153333987	-0.000000209	0.009634614	-0.030807878	-0.000000034	-0.028962506	0.000000271	-0.000000166	-0.005969548	-0.000000016	-0.093315174	0.000000862	-0.000000487	-0.013003186	0.062790264	-0.000000050	-0.000880174	-0.041284774	0.000000814	-0.000000007	-0.000044454	-0.000000756	-0.000000806	-0.000000665	-0.000000491	-0.000000298	0.000000156	-0.001300488	-0.221920442	0.000000098	0.001706803	-0.181069900	-0.000000023	0.004143990	-0.084240490	0.000000099	0.046954408	-0.000000451	-0.000000011	0.002125924	0.000000128	0.055674170	-0.000000538	-0.000000007	0.001638683	0.051418581	-0.000000158	-0.000074234	-0.048809912	0.000000941	0.000000126	0.000220572	-0.020018895	-0.013349315	-0.004995933	-0.005432079	-0.008561225	-0.047976539	0.020019367	0.013349577	0.004995969	0.005432087	-0.008561547	-0.047976412	0.008518959	0.007760190	0.004160014	-0.003325192	-0.005722336	-0.051268704	-0.008519087	-0.007760644	-0.004160477	0.003325416	-0.005722366	-0.051268599		A1: R8*p(-1)
-0.003373101	0.008029887	0.096873499	0.119873307	0.095266058	0.022159894	-0.000000282	-0.000000036	0.034568379	-0.000000414	-0.000000044	0.017038135	-0.000000202	-0.000000034	2.401130253	0.000000015	-0.002788998	0.027666837	-0.000000498	0.374187184	0.000000011	-0.003842813	0.033291951	-0.000000616	0.000000013	-0.031140500	0.000000366	0.000000184	0.005753108	0.127218072	-0.000003509	0.091412605	0.154521093	0.103491032	0.085568744	0.074433804	-0.035976737	0.000000349	-0.000000177	-0.029073631	0.000000274	-0.000000078	-0.061733644	0.000000571	-0.000000110	0.074885521	-0.000000262	-0.000082399	-0.184526078	0.000003510	0.007121625	-0.000000191	-0.000237445	0.004477073	-0.000000050	-0.000000814	-0.212021889	0.000002015	0.000000947	0.000084370	0.152625948	-0.000004359	0.053197642	0.041342460	0.070470689	-0.132921670	-0.215567380	0.030011255	0.053197704	0.041342388	0.070470638	-0.132917683	0.215569492	-0.030011832	0.005685505	0.032549154	0.042086771	-0.033114040	-0.018443481	0.002085925	0.005685446	0.032549073	0.042086728	-0.033113575	0.018444119	-0.002085940		A1: R9*d(0)
0.000000002	-0.000000009	-0.000000095	-0.000000117	-0.000000091	-0.000000195	-0.007737548	-0.030686541	-0.000000282	-0.010348678	-0.042327106	-0.000000151	-0.005972335	-0.028962506	0.000000015	2.407110495	0.000000292	-0.000000025	0.007081282	0.000000012	0.384442792	0.000000365	-0.000000030	0.007729536	0.026788538	-0.000000001	0.001098832	-0.066312733	0.000001416	-0.000000168	-0.003334166	-0.000000229	-0.000000387	-0.000000265	-0.000000195	-0.000000129	0.000000181	-0.000166028	-0.116548283	0.000000051	-0.000866190	-0.040306234	0.000000055	-0.002127887	-0.046954412	-0.000000264	-0.027103524	-0.000000037	0.000000475	0.000794753	-0.000000233	-0.148139646	0.000001518	0.000000216	0.003180160	-0.349073081	0.000001579	0.000082716	0.451450574	-0.000009399	-0.000000886	-0.000702066	0.006882075	0.003128088	0.002413331	-0.012748106	-0.033899167	-0.066283473	-0.006882017	-0.003128087	-0.002413395	0.012747155	-0.033899203	-0.066281425	0.001598476	0.003184575	0.001127595	-0.003372475	-0.002446959	-0.015911067	-0.001598454	-0.003184670	-0.001127739	0.003372506	-0.002447077	-0.015910941		A1: R9*d(1)
-0.000377919	0.000844592	0.010001113	0.012223312	0.009766379	-0.006526087	0.000000237	0.000000294	-0.009094671	0.000000320	0.000000399	-0.005175416	0.000000180	0.000000271	-0.002788998	0.000000292	2.436750267	-0.006039576	-0.000000094	-0.003864462	0.000000366	0.421174885	-0.006473740	-0.000000098	-0.000000266	0.000968390	-0.000000049	0.000000963	0.019861266	0.010874001	-0.000000305	0.000042669	-0.000091942	-0.000354356	0.001185156	0.003687427	0.000405930	-0.000000080	0.000001110	-0.002814647	0.000000026	0.000000385	-0.007500557	0.000000095	0.000000444	-0.000082400	-0.000000037	-0.031034900	0.000090570	-0.000000017	-0.002579277	0.000001519	0.011420828	0.003526490	-0.000000259	0.000003316	0.000365197	-0.000000208	-0.000005929	-0.086238376	-0.000266021	0.000000504	0.010531558	0.006806515	0.009402238	-0.033307093	-0.045267884	-0.098626165	0.010531947	0.006806690	0.009402370	-0.033307117	0.045269944	0.098626892	0.000278473	0.000791224	0.001545840	-0.001390111	-0.000450858	-0.005087448	0.000278525	0.000791328	0.001545867	-0.001390205	0.000450984	0.005087738		A1: R9*d(-1)
0.000918181	-0.002959534	-0.037806718	-0.048602471	-0.037880042	-0.122926624	0.000002328	-0.000000218	-0.178074961	0.000003236	-0.000000302	-0.096827346	0.000001737	-0.000000166	0.027666837	-0.000000025	-0.006039576	2.311108533	0.000000162	0.033036147	-0.000000030	-0.006511353	0.280226302	0.000000162	0.000000393	0.095632977	-0.000001751	0.000000096	0.004880830	-0.056768023	0.000001015	-0.157761334	-0.268837727	-0.183867531	-0.132768676	-0.080898852	0.067609924	-0.000002807	0.000000130	0.013705186	-0.000000701	0.000000022	0.009296713	-0.000000499	-0.000000001	-0.184526080	0.000000478	0.000090570	0.289747660	-0.000006215	-0.025999027	0.000000233	-0.000530353	0.049616134	-0.000004472	0.000000673	0.235597684	-0.000004938	-0.000000947	0.000105048	-0.373454535	0.000021306	0.044717332	0.016784624	0.000335985	-0.204567714	-0.114555581	0.016574935	0.044720614	0.016786078	0.000337122	-0.204571261	0.114572617	-0.016576460	-0.006212055	-0.046047335	-0.052746461	0.039217510	0.031244011	-0.001988867	-0.006211221	-0.046045701	-0.052745874	0.039215250	-0.031243648	0.001988880		A1: R9*d(2)
-0.000000022	0.000000062	0.000000716	0.000000926	0.000000721	0.000002998	0.069598394	-0.007737077	0.000004224	0.092194337	-0.010345818	0.000002265	0.048741243	-0.005969548	-0.000000498	0.007081282	-0.000000094	0.000000162	2.315653811	-0.000000608	0.007727565	-0.000000095	0.000000153	0.283882774	0.011881269	-0.000002306	-0.051223443	0.004770539	-0.000000087	-0.000000069	-0.037288694	0.000003001	0.000005092	0.000003485	0.000002506	0.000001520	-0.000002382	-0.114389636	-0.000166686	-0.000000538	-0.029069907	-0.000866865	-0.000000362	-0.019297507	-0.002125934	0.000003509	0.000794751	-0.000000009	-0.000006201	-0.037452005	0.000000512	0.003178599	-0.000000160	-0.000004522	-0.189482592	-0.000013131	-0.000005835	-0.142453218	-0.000896378	0.000000742	0.000023115	0.562005740	-0.089910500	-0.040795507	-0.031581870	0.167582143	0.376369171	-0.033981619	0.089909031	0.040794873	0.031581882	-0.167568117	0.376367864	-0.033981577	-0.020966102	-0.041784778	-0.014815745	0.044261824	0.016009937	-0.002447041	0.020966245	0.041786406	0.014817710	-0.044262812	0.016012160	-0.002447071		A1: R9*d(-2)
-0.004299033	0.005247383	0.121390686	0.242180597	0.255669041	0.021423760	-0.000000279	-0.000000069	0.155534011	-0.000001580	-0.000000043	0.156702208	-0.000001531	-0.000000016	0.374187184	0.000000012	-0.003864462	0.033036147	-0.000000608	0.528915343	0.000000154	-0.009831948	0.190861484	-0.000003626	-0.000000033	-0.085434293	0.000000892	0.000000391	0.010701622	0.256930167	-0.000007107	0.904530059	0.867782284	0.471301825	0.354191629	0.283183648	0.032082660	-0.000000259	-0.000000233	0.004920064	0.000000015	-0.000000004	-0.091391829	0.000000877	-0.000000147	0.007121633	-0.000000242	-0.002579258	-0.025998999	0.000000491	0.065268086	-0.000000427	-0.003994370	0.106017458	-0.000001966	-0.000000316	-0.118421559	0.000001090	0.000000156	-0.002690445	-0.149160781	0.000004155	0.026239605	0.028277833	0.149556791	-0.024202209	-0.036514834	0.037922177	0.026239616	0.028277777	0.149556684	-0.024201610	0.036515511	-0.037922816	0.093955269	0.165637688	0.187054610	-0.066722548	-0.106216238	0.010487203	0.093955102	0.165637650	0.187054545	-0.066720895	0.106217685	-0.010487288		A1: R10*d(0)
0.000000001	-0.000000012	-0.000000121	-0.000000293	-0.000000331	-0.000000247	-0.011875500	-0.060713472	-0.000000733	-0.020360158	-0.109475346	-0.000000580	-0.013004490	-0.093315174	0.000000011	0.384442792	0.000000366	-0.000000030	0.007727565	0.000000154	0.596282851	0.000001131	-0.000000296	0.018642025	0.056165539	0.000000083	0.003152818	-0.115778185	0.000002380	-0.000000343	-0.004397503	-0.000002274	-0.000002177	-0.000001166	-0.000000817	-0.000000561	0.000000116	0.002800682	-0.195538473	-0.000000025	0.003130392	0.006969543	0.000000049	-0.001639739	-0.055674163	-0.000000197	-0.148139647	0.000001509	0.000000217	0.003178597	-0.000000416	-0.299790030	0.000004325	0.000000254	0.008732528	-0.099334162	0.000000423	0.000385799	0.145333873	-0.000004591	-0.000000013	-0.002168612	0.004376459	0.001044023	0.003019094	0.005911036	-0.024585884	-0.176107681	-0.004376386	-0.001044055	-0.003019327	-0.005911958	-0.024585991	-0.176102790	0.011091758	0.009410872	0.003025886	-0.004402595	-0.007161284	-0.062522101	-0.011091922	-0.009411553	-0.003026670	0.004402831	-0.007161897	-0.062521748		A1: R10*d(1)
-0.000600970	0.000657503	0.012301047	0.020623455	0.019879111	-0.008662391	0.000000317	0.000000565	-0.016894090	0.000000581	0.000001013	-0.010808615	0.000000364	0.000000862	-0.003842813	0.000000365	0.421174885	-0.006511353	-0.000000095	-0.009831948	0.000001131	0.710680617	-0.013860516	-0.000000271	-0.000000527	0.002926424	-0.000000104	0.000001537	0.025396519	0.018640138	-0.000000541	0.000034576	-0.000084747	0.000202249	0.003058240	0.008220193	0.001424019	-0.000000198	0.000001858	-0.002950591	-0.000000001	-0.000000071	-0.013740942	0.000000158	0.000000515	-0.000237445	0.000001519	0.011420832	-0.000530349	-0.000000169	-0.003994393	0.000004341	0.156254605	0.003299483	-0.000000579	0.000000950	0.000172813	-0.000000243	-0.000005046	-0.193413186	-0.000678301	0.000000362	0.005388082	0.003673756	0.016476157	-0.023531432	-0.016438157	-0.263320246	0.005388313	0.003673824	0.016476335	-0.023531484	0.016439382	0.263323090	0.003551679	0.001589836	0.003119145	-0.000707747	-0.000149610	-0.018030106	0.003552052	0.001590179	0.003119241	-0.000707932	0.000149893	0.018031294		A1: R10*d(-1)
-0.000424781	-0.000519681	-0.049967884	-0.150499789	-0.183505972	-0.149868808	0.000003022	-0.000000301	-0.489506567	0.000007250	-0.000000679	-0.412262567	0.000005119	-0.000000487	0.033291951	-0.000000030	-0.006473740	0.280226302	0.000000153	0.190861484	-0.000000296	-0.013860516	0.201584376	0.000003025	0.000000757	0.222742474	-0.000003491	0.000000056	0.008920566	-0.173678724	0.000003509	-1.566271959	-1.504144817	-0.813660659	-0.573511900	-0.383186008	-0.037085588	-0.000004082	0.000000176	-0.047090751	-0.000000282	0.000000033	-0.020967252	-0.000000578	-0.000000003	0.004477064	0.000000239	0.003526464	0.049616104	-0.000004518	0.106017421	0.000000307	0.003299446	0.015853600	-0.000008023	-0.000000195	-0.098384971	0.000000591	-0.000000040	0.004100603	0.012660340	0.000003612	0.024654515	-0.001167142	-0.044145163	-0.265125036	0.116214149	0.011426825	0.024656612	-0.001166604	-0.044143665	-0.265124208	-0.116204371	-0.011428118	-0.116411396	-0.266133116	-0.283255426	0.106316510	0.200282255	-0.013874600	-0.116405860	-0.266128418	-0.283253856	0.106311059	-0.200282422	0.013874520		A1: R10*d(2)
0.000000000	0.000000051	0.000000990	0.000002924	0.000003533	0.000003723	0.093978875	-0.011880872	0.000010607	0.155804981	-0.020362944	0.000008368	0.076113649	-0.013003186	-0.000000616	0.007729536	-0.000000098	0.000000162	0.283882774	-0.000003626	0.018642025	-0.000000271	0.000003025	0.353116354	0.020128220	-0.000004972	-0.082923489	0.009206269	-0.000000216	0.000000877	-0.083564414	0.000029772	0.000028557	0.000015414	0.000010817	0.000007217	-0.000001513	-0.232008598	0.002800456	0.000000570	-0.033972686	0.003129749	0.000000029	-0.034422090	-0.001638713	-0.000000051	0.003180143	-0.000000210	-0.000004430	-0.189482583	-0.000001936	0.008732508	-0.000000505	-0.000007962	-0.413488463	-0.003992687	0.000001673	-0.019641705	-0.005873650	0.000000400	0.000005651	0.206007447	-0.057282710	-0.013553552	-0.039537606	-0.077441936	0.144760489	-0.024615253	0.057281901	0.013553675	0.039539442	0.077453732	0.144763886	-0.024614922	-0.145488423	-0.123478274	-0.039732381	0.057780588	0.030860577	-0.007154748	0.145492450	0.123488222	0.039743026	-0.057784397	0.030869853	-0.007155171		A1: R10*d(-2)
0.000000002	0.000000000	-0.000000010	0.000000023	0.000000038	0.000000088	-0.011592715	0.056705167	0.000000255	-0.022934119	0.099775370	0.000000176	-0.013616968	0.062790264	0.000000013	0.026788538	-0.000000266	0.000000393	0.011881269	-0.000000033	0.056165539	-0.000000527	0.000000757	0.020128220	2.685973344	-0.000000070	0.008699774	0.050329507	-0.000001011	-0.000000046	-0.001820384	0.000001189	0.000001172	0.000000487	0.000000407	0.000000226	0.000000147	-0.000471709	0.028984555	-0.000000137	-0.002327237	0.003139041	-0.000000052	-0.005266725	0.051418592	0.000000818	0.349073080	-0.000003313	-0.000000669	0.000013134	0.000000347	0.099334151	-0.000000941	0.000000168	0.003992720	0.371949062	-0.000001969	0.000190091	-0.353376543	0.000006713	-0.000000059	-0.000712368	-0.023334323	0.008683073	0.007930225	-0.031628954	-0.051923310	-0.371078064	0.023334724	-0.008683247	-0.007930359	0.031628651	-0.051924866	-0.371077280	-0.002898420	-0.002557008	-0.002351602	0.004552865	0.003393626	0.028256049	0.002898480	0.002557277	0.002351908	-0.004553066	0.003393845	0.028255891		A1: R11*f(0)
-0.000016715	0.000041885	0.021199384	0.051351502	0.053102311	0.114527140	-0.000000276	-0.000000062	0.267721823	-0.000000996	-0.000000070	0.173016507	-0.000000714	-0.000000050	-0.031140500	-0.000000001	0.000968390	0.095632977	-0.000002306	-0.085434293	0.000000083	0.002926424	0.222742474	-0.000004972	-0.000000070	2.581871929	0.000000869	-0.000000009	-0.004108931	0.074425275	-0.000001891	0.669648444	0.658070421	0.272133274	0.229815601	0.135653223	0.093534265	-0.000000740	-0.000000032	-0.074092910	0.000000854	-0.000000064	-0.005452688	0.000000530	-0.000000162	0.212021891	-0.000001579	-0.000365194	-0.235597679	0.000005831	0.118421561	-0.000000422	-0.000172810	0.098384975	-0.000001692	-0.000001963	-0.507829622	0.000006173	0.000001676	-0.000164465	-0.198436232	0.000004005	0.076069390	-0.025517441	-0.004029932	-0.047210128	0.165349272	-0.066544211	0.076067015	-0.025516587	-0.004029202	-0.047215873	-0.165346123	0.066543550	0.030015812	0.079004355	0.092366180	-0.067987900	-0.064878369	0.007582046	0.030015376	0.079004040	0.092365907	-0.067986302	0.064879230	-0.007582182		A1: R11*f(1)
0.000000001	-0.000000005	-0.000000269	-0.000000577	-0.000000572	-0.000000283	0.083848137	0.000032530	-0.000001007	0.161212549	-0.001109361	-0.000000725	0.097215760	-0.000880174	0.000000366	0.001098832	-0.000000049	-0.000001751	-0.051223443	0.000000892	0.003152818	-0.000000104	-0.000003491	-0.082923489	0.008699774	0.000000869	2.674836434	0.003235051	0.000000036	0.000000147	0.035465282	-0.000006363	-0.000006263	-0.000002586	-0.000002200	-0.000001325	-0.000000751	0.014370923	0.000117859	0.000000865	0.013563234	0.000187944	0.000000576	0.048709078	-0.000074226	-0.000002019	-0.000082716	0.000000203	0.000004935	0.142453219	-0.000001096	-0.000385801	0.000000238	-0.000000597	0.019641689	0.000190088	0.000006180	0.142912901	0.000275207	-0.000001079	-0.000003040	-0.172936634	0.123415852	-0.045770770	-0.041891681	0.165165579	0.118128281	-0.107583183	-0.123416883	0.045771126	0.041891627	-0.165162452	0.118134074	-0.107586452	0.015500653	0.013693604	0.012506973	-0.024311522	-0.006486823	0.002581228	-0.015501136	-0.013695099	-0.012508726	0.024312680	-0.006488223	0.002581489		A1: R11*f(-1)
0.000000012	-0.000000022	-0.000000435	-0.000000697	-0.000000619	-0.000000037	-0.009924158	-0.032858931	-0.000000180	-0.017738671	-0.058770916	-0.000000125	-0.010327678	-0.041284774	0.000000184	-0.066312733	0.000000963	0.000000096	0.004770539	0.000000391	-0.115778185	0.000001537	0.000000056	0.009206269	0.050329507	-0.000000009	0.003235051	2.648075513	0.000000446	-0.000000654	0.008507428	-0.000001541	-0.000001506	-0.000000602	-0.000000555	-0.000000470	-0.000000181	0.000572039	-0.034847485	0.000000267	-0.001041384	0.005498375	0.000000389	-0.003788067	-0.048809914	-0.000000949	-0.451450573	0.000005927	0.000000939	0.000896382	-0.000000132	-0.145333880	0.000005052	0.000000000	0.005873688	-0.353376547	0.000001673	0.000275208	0.558789170	-0.000023164	-0.000000663	-0.001179129	-0.013445467	0.004652178	0.003768556	-0.067948567	-0.000295691	-0.224302075	0.013446695	-0.004652702	-0.003769483	0.067950339	-0.000299606	-0.224317286	0.003215231	0.003319628	0.000830089	-0.003855970	-0.004716240	-0.026664381	-0.003215174	-0.003319902	-0.000830591	0.003856004	-0.004716537	-0.026663480		A1: R11*f(2)
0.000374882	-0.000635553	-0.012848992	-0.019393216	-0.016729124	0.010249053	-0.000000097	0.000000646	0.019384101	-0.000000209	0.000001163	0.011572054	-0.000000138	0.000000814	0.005753108	0.000001416	0.019861266	0.004880830	-0.000000087	0.010701622	0.000002380	0.025396519	0.008920566	-0.000000216	-0.000001011	-0.004108931	0.000000036	0.000000446	2.670151125	-0.024500169	0.000000299	-0.000107076	0.000061071	0.000606036	-0.001050828	-0.005416196	-0.000138834	-0.000000079	0.000000664	0.003324151	-0.000000041	-0.000000100	0.012422156	-0.000000184	0.000000943	-0.000084370	0.000009400	0.086238379	-0.000105048	-0.000000742	0.002690464	0.000004594	0.193413188	-0.004100629	-0.000000367	0.000006719	-0.000164466	-0.000001077	-0.000023160	-0.660198645	-0.000014495	0.000001511	0.027494502	-0.010839939	-0.016085591	0.013236963	0.075182043	0.439151898	0.027494513	-0.010839960	-0.016085639	0.013233458	-0.075183762	-0.439143125	0.002353176	0.000835163	-0.001662202	-0.003991076	-0.001170678	-0.021675838	0.002353402	0.000835424	-0.001662076	-0.003991389	0.001170954	0.021676697		A1: R11*f(-2)
0.004044318	-0.006811024	-0.163743964	-0.272467486	-0.246471708	-0.039088376	-0.000000419	0.000000009	-0.139473657	-0.000000516	-0.000000006	-0.100249047	-0.000000417	-0.000000007	0.127218072	-0.000000168	0.010874001	-0.056768023	-0.000000069	0.256930167	-0.000000343	0.018640138	-0.173678724	0.000000877	-0.000000046	0.074425275	0.000000147	-0.000000654	-0.024500169	2.316940648	0.000005404	-0.865631496	-0.848919065	-0.344861094	-0.307846720	-0.232713865	-0.122273775	-0.000000340	-0.000000032	0.130969622	-0.000001278	0.000000115	0.139146464	-0.000003073	0.000000163	-0.152625946	0.000000887	0.000266020	0.373454533	-0.000023127	0.149160794	-0.000000007	0.000678306	-0.012660354	-0.000005672	-0.000000058	-0.198436231	-0.000003052	-0.000000661	-0.000014495	-0.404171319	0.000034175	0.195084128	-0.082184109	-0.165891634	0.202239138	0.220397331	-0.058600819	0.195084736	-0.082184557	-0.165892349	0.202208187	-0.220419477	0.058602267	-0.013686514	-0.093102820	-0.136913375	0.045265993	0.089268626	-0.004760074	-0.013683433	-0.093099717	-0.136911861	0.045260344	-0.089267558	0.004759746		A1: R11*f(3)
-0.000000112	0.000000200	0.000004514	0.000007522	0.000006803	0.000000929	-0.030823607	-0.000764953	0.000003512	-0.069638934	-0.000264213	0.000002488	-0.050598947	-0.000044454	-0.000003509	-0.003334166	-0.000000305	0.000001015	-0.037288694	-0.000007107	-0.004397503	-0.000000541	0.000003509	-0.083564414	-0.001820384	-0.000001891	0.035465282	0.008507428	0.000000299	0.000005404	2.512417487	0.000024677	0.000024206	0.000009822	0.000008731	0.000006537	0.000002974	-0.053067580	0.000796229	-0.000003697	-0.002095236	0.000672770	-0.000004404	-0.062873864	0.000220556	0.000004361	0.000702064	-0.000000488	-0.000021291	-0.562005746	-0.000004186	0.002168615	-0.000000347	-0.000003558	-0.206007507	-0.000712360	0.000004001	-0.172936640	-0.001179124	0.000001514	0.000034158	0.794450291	-0.017819142	0.010318007	0.014587426	0.508049209	-0.343262779	0.004840760	0.017808713	-0.010313558	-0.014578360	-0.508065550	-0.343241532	0.004837862	-0.054481048	-0.053230855	-0.025169097	0.072826959	0.036915145	-0.005329121	0.054481603	0.053236109	0.025176781	-0.072828889	0.036921471	-0.005329436		A1: R11*f(-3)
-0.001038898	0.000838843	-0.140278551	-0.557405982	-0.661508770	-0.143799146	0.000001365	-0.000000100	-1.208699563	0.000011487	-0.000000873	-1.045267923	0.000009935	-0.000000756	0.091412605	-0.000000229	0.000042669	-0.157761334	0.000003001	0.904530059	-0.000002274	0.000034576	-1.566271959	0.000029772	0.000001189	0.669648444	-0.000006363	-0.000001541	-0.000107076	-0.865631496	0.000024677	-4.789819840	-11.161718576	-4.301347776	-2.270768727	-1.190547836	-0.002210572	0.000000026	-0.000000003	-0.000122919	0.000000007	-0.000000002	0.002530353	-0.000000021	0.000000001	-0.003373101	-0.000000001	-0.000377916	0.000918182	-0.000000021	-0.004299035	-0.000000005	-0.000600966	-0.000424782	0.000000003	0.000000001	0.000016711	-0.000000002	-0.000000008	-0.000374879	-0.004044318	0.000000108	-0.001299722	-0.019734497	-0.251829076	0.001766223	-0.000689114	0.000051778	-0.001299729	-0.019734409	-0.251828678	0.001766225	0.000689181	-0.000051703	-0.065488236	-0.767969495	-0.820653980	0.432560910	0.699684785	-0.053324279	-0.065488223	-0.767969451	-0.820653964	0.432549102	-0.699691983	0.053324340		A2: R12*s(0)
0.000838859	-0.001975541	-0.208364709	-0.621908072	-0.727045611	-0.244524386	0.000002359	-0.000000176	-1.268867185	0.000012104	-0.000000919	-1.114937896	0.000010625	-0.000000806	0.154521093	-0.000000387	-0.000091942	-0.268837727	0.000005092	0.867782284	-0.000002177	-0.000084747	-1.504144817	0.000028557	0.000001172	0.658070421	-0.000006263	-0.000001506	0.000061071	-0.848919065	0.000024206	-11.161718576	-7.176625232	-3.880439543	-2.308392921	-1.288382389	0.001093922	-0.000000010	0.000000007	0.000909589	-0.000000005	0.000000008	-0.001421059	0.000000025	0.000000005	0.008029886	-0.000000004	0.000844585	-0.002959539	0.000000058	0.005247393	-0.000000001	0.000657496	-0.000519696	-0.000000001	-0.000000002	-0.000041886	0.000000001	0.000000016	0.000635550	0.006811022	-0.000000175	0.000916862	-0.029540100	-0.284867577	-0.003323804	-0.000487456	0.000037311	0.000916940	-0.029539897	-0.284867109	-0.003323759	0.000487407	-0.000037371	-0.157287137	-0.849288762	-0.900281171	0.495246447	0.801141796	-0.061054291	-0.157287112	-0.849288714	-0.900281159	0.495232948	-0.801150016	0.061054362		A2: R13*s(0)
-0.140278545	-0.208364668	-0.428695158	-0.660048479	-0.716342722	-0.397051097	0.000003759	-0.000000300	-0.950980235	0.000008999	-0.000000699	-0.916375713	0.000008667	-0.000000665	0.103491032	-0.000000265	-0.000354356	-0.183867531	0.000003485	0.471301825	-0.000001166	0.000202249	-0.813660659	0.000015414	0.000000487	0.272133274	-0.000002586	-0.000000602	0.000606036	-0.344861094	0.000009822	-4.301347776	-3.880439543	-2.203841583	-1.668418734	-1.151976707	0.033574927	-0.000000351	0.000000050	0.053959419	-0.000000570	0.000000080	0.020284672	-0.000000225	0.000000036	0.096873477	-0.000000035	0.010001039	-0.037806799	0.000000808	0.121390679	-0.000000041	0.012300963	-0.049967964	0.000001080	-0.000000085	-0.021199378	0.000000242	0.000000354	0.012848905	0.163743920	-0.000004387	-0.005751247	-0.094364424	-0.324590741	-0.060501012	-0.027863346	0.002124331	-0.005751175	-0.094364169	-0.324590350	-0.060500274	0.027863553	-0.002124997	-0.356093033	-0.769466981	-0.839971234	0.295790858	0.478434309	-0.036442716	-0.356093044	-0.769466953	-0.839971198	0.295782821	-0.478439148	0.036442735		A2: R14*s(0)
-0.557405981	-0.621908025	-0.660048487	-0.745119161	-0.724469626	-0.334086752	0.000003187	-0.000000252	-0.691378916	0.000006557	-0.000000503	-0.693814931	0.000006550	-0.000000491	0.085568744	-0.000000195	0.001185156	-0.132768676	0.000002506	0.354191629	-0.000000817	0.003058240	-0.573511900	0.000010817	0.000000407	0.229815601	-0.000002200	-0.000000555	-0.001050828	-0.307846720	0.000008731	-2.270768727	-2.308392921	-1.668418734	-1.336174414	-1.002823089	0.038611132	-0.000000414	0.000000062	0.135834879	-0.000001383	0.000000167	0.111309695	-0.000001106	0.000000124	0.119873287	-0.000000044	0.012223224	-0.048602566	0.000001035	0.242180608	-0.000000170	0.020623321	-0.150499912	0.000003048	-0.000000169	-0.051351482	0.000000547	0.000000577	0.019393088	0.272467437	-0.000007327	-0.064876358	-0.197979673	-0.383986984	-0.106852813	-0.090189876	0.006873736	-0.064876180	-0.197979369	-0.383986651	-0.106850960	0.090190642	-0.006874667	-0.368037585	-0.643773744	-0.728310872	0.218154389	0.355397546	-0.027070863	-0.368037600	-0.643773712	-0.728310783	0.218148387	-0.355401239	0.027070851		A2: R15*s(0)
-0.661508773	-0.727045572	-0.716342740	-0.724469639	-0.652062485	-0.189207229	0.000001838	-0.000000139	-0.427552762	0.000004091	-0.000000297	-0.444023621	0.000004199	-0.000000298	0.074433804	-0.000000129	0.003687427	-0.080898852	0.000001520	0.283183648	-0.000000561	0.008220193	-0.383186008	0.000007217	0.000000226	0.135653223	-0.000001325	-0.000000470	-0.005416196	-0.232713865	0.000006537	-1.190547836	-1.288382389	-1.151976707	-1.002823089	-0.778836792	0.020897444	-0.000000244	0.000000041	0.153071710	-0.000001536	0.000000174	0.179560085	-0.000001739	0.000000179	0.095266047	-0.000000033	0.009766310	-0.037880115	0.000000809	0.255669067	-0.000000222	0.019878989	-0.183506086	0.000003643	-0.000000163	-0.053102291	0.000000551	0.000000518	0.016729016	0.246471673	-0.000006634	-0.137839963	-0.266356866	-0.390494391	-0.106064689	-0.129822974	0.009892643	-0.137839776	-0.266356607	-0.390494152	-0.106062180	0.129823793	-0.009893549	-0.326525568	-0.490897102	-0.547225700	0.161529401	0.267558435	-0.020382540	-0.326525572	-0.490897083	-0.547225589	0.161524821	-0.267561474	0.020382499		A2: R16*s(0)
0.143799144	0.244524428	0.397051084	0.334086740	0.189207225	0.372058989	-0.000004526	0.000000336	0.248928344	-0.000004107	0.000000303	0.016956260	-0.000002102	0.000000156	-0.035976737	0.000000181	0.000405930	0.067609924	-0.000002382	0.032082660	0.000000116	0.001424019	-0.037085588	-0.000001513	0.000000147	0.093534265	-0.000000751	-0.000000181	-0.000138834	-0.122273775	0.000002974	-0.002210572	0.001093922	0.033574927	0.038611132	0.020897444	0.106099741	0.000000550	-0.000000029	-0.535662137	0.000000683	-0.000000030	-0.378107766	0.000000185	-0.000000004	-0.022159894	0.000000245	0.006526046	0.122926586	-0.000002879	-0.021423741	0.000000312	0.008662341	0.149868758	-0.000003599	0.000000033	0.114527153	-0.000000331	-0.000000062	0.010248987	-0.039088403	0.000001038	0.003252576	0.082366463	0.125605824	0.069131506	0.031634142	-0.002411613	0.003252429	0.082365609	0.125604749	0.069130155	-0.031635757	0.002411166	-0.206928565	-0.183159918	-0.085975165	-0.087294734	0.084942930	-0.006453775	-0.206922902	-0.183154833	-0.085972553	-0.087297600	-0.084941687	0.006453638		A2: R17*p(0)
-0.000001372	-0.000002254	-0.000003758	-0.000003183	-0.000001832	-0.000004511	-0.106739929	-0.005084547	-0.000004144	-0.184834473	-0.004591552	-0.000002161	-0.204878940	-0.001300488	0.000000349	-0.000166028	-0.000000080	-0.000002807	-0.114389636	-0.000000259	0.002800682	-0.000000198	-0.000004082	-0.232008598	-0.000471709	-0.000000740	0.014370923	0.000572039	-0.000000079	-0.000000340	-0.053067580	0.000000026	-0.000000010	-0.000000351	-0.000000414	-0.000000244	0.000000550	0.160646412	0.008064739	0.000000693	-0.469772572	0.010088246	0.000000199	-0.361941594	0.005042898	0.000000249	0.007737499	-0.000000119	-0.000002266	-0.069598363	0.000000251	0.011875433	-0.000000171	-0.000002920	-0.093978877	-0.011592632	-0.000000332	0.083848107	-0.009924083	0.000000022	-0.000000464	-0.030823723	0.005446731	0.034764645	0.052362489	0.030701657	0.008219549	-0.002914579	-0.005446740	-0.034766090	-0.052364811	-0.030702831	0.008221668	-0.002913953	-0.333483368	-0.301717073	-0.156156955	0.084152959	-0.001765667	-0.009794358	0.333486861	0.301720132	0.156158332	-0.084151513	-0.001762769	-0.009794476		A2: R17*p(1)
0.000000105	0.000000162	0.000000277	0.000000233	0.000000139	0.000000353	-0.005084569	-0.173023669	0.000000334	-0.004594387	-0.244697570	0.000000192	-0.001309684	-0.221920442	-0.000000177	-0.116548283	0.000001110	0.000000130	-0.000166686	-0.000000233	-0.195538473	0.000001858	0.000000176	0.002800456	0.028984555	-0.000000032	0.000117859	-0.034847485	0.000000664	-0.000000032	0.000796229	-0.000000003	0.000000007	0.000000050	0.000000062	0.000000041	-0.000000029	0.008064739	0.265502027	-0.000000025	0.010087718	-0.338497212	0.000000008	0.005038220	-0.296282908	0.000000017	0.030686540	-0.000000299	0.000000185	0.007737046	0.000000052	0.060713477	-0.000000582	0.000000250	0.011880849	0.056705148	-0.000000056	0.000032523	-0.032858948	0.000000654	-0.000000053	-0.000764945	-0.000412833	-0.002646001	-0.003988432	-0.002338070	-0.002913532	-0.029787404	0.000412920	0.002646143	0.003988642	0.002338235	-0.002913742	-0.029787316	0.025437835	0.023010037	0.011904335	-0.006425586	-0.009848267	-0.129965201	-0.025437793	-0.023010071	-0.011904312	0.006425485	-0.009848291	-0.129965159		A2: R17*p(-1)
1.208699565	1.268867236	0.950980243	0.691378929	0.427552770	0.248928335	-0.000004139	0.000000298	0.070330628	-0.000002407	0.000000161	-0.062074191	-0.000001360	0.000000098	-0.029073631	0.000000051	-0.002814647	0.013705186	-0.000000538	0.004920064	-0.000000025	-0.002950591	-0.047090751	0.000000570	-0.000000137	-0.074092910	0.000000865	0.000000267	0.003324151	0.130969622	-0.000003697	-0.000122919	0.000909589	0.053959419	0.135834879	0.153071710	-0.535662137	0.000000693	-0.000000025	-0.545044024	0.000002497	-0.000000136	-0.510011528	0.000001998	-0.000000121	-0.034568368	0.000000349	0.009094614	0.178074909	-0.000004089	-0.155533959	0.000000869	0.016893986	0.489506497	-0.000010422	0.000000142	0.267721869	-0.000001090	-0.000000235	0.019383982	-0.139473674	0.000003718	0.123050358	0.300423316	0.322232036	0.164316654	0.176563324	-0.013454482	0.123048980	0.300421448	0.322230663	0.164312206	-0.176566553	0.013454077	-0.198581001	-0.138273290	-0.023287133	-0.015464876	0.014521965	-0.001090454	-0.198575576	-0.138269308	-0.023284841	-0.015465360	-0.014521636	0.001090509		A2: R18*p(0)
-0.000011493	-0.000011961	-0.000009010	-0.000006579	-0.000004122	-0.000004084	-0.184834486	-0.004594358	-0.000002424	-0.178454208	-0.002870584	-0.000001453	-0.203526331	0.001706803	0.000000274	-0.000866190	0.000000026	-0.000000701	-0.029069907	0.000000015	0.003130392	-0.000000001	-0.000000282	-0.033972686	-0.002327237	0.000000854	0.013563234	-0.001041384	-0.000000041	-0.000001278	-0.002095236	0.000000007	-0.000000005	-0.000000570	-0.000001383	-0.000001536	0.000000683	-0.469772572	0.010087718	0.000002497	-0.297431687	0.018885738	0.000002006	-0.308713909	0.011901165	0.000000385	0.010348614	-0.000000153	-0.000003132	-0.092194312	0.000001566	0.020360036	-0.000000271	-0.000007024	-0.155805021	-0.022933964	-0.000001092	0.161212514	-0.017738536	0.000000023	-0.000000563	-0.069639147	0.060517195	0.082856784	0.066969503	0.061633624	0.016514199	-0.005852901	-0.060519344	-0.082862341	-0.066975587	-0.061636586	0.016519955	-0.005852311	-0.321056301	-0.239799055	-0.145221647	0.015279386	-0.001160307	-0.001181782	0.321059676	0.239801346	0.145221811	-0.015279121	-0.001159952	-0.001181845		A2: R18*p(1)
0.000000877	0.000000899	0.000000680	0.000000498	0.000000328	0.000000319	-0.004591569	-0.244697573	0.000000207	-0.002870608	-0.215713777	0.000000161	0.001702620	-0.181069900	-0.000000078	-0.040306234	0.000000385	0.000000022	-0.000866865	-0.000000004	0.006969543	-0.000000071	0.000000033	0.003129749	0.003139041	-0.000000064	0.000187944	0.005498375	-0.000000100	0.000000115	0.000672770	-0.000000002	0.000000008	0.000000080	0.000000167	0.000000174	-0.000000030	0.010088246	-0.338497212	-0.000000136	0.018885738	-0.051084851	-0.000000113	0.011898264	-0.153333969	0.000000017	0.042327106	-0.000000415	0.000000254	0.010345773	0.000000000	0.109475357	-0.000001057	0.000000580	0.020362869	0.099775341	-0.000000067	-0.001109364	-0.058770946	0.000001168	-0.000000127	-0.000264199	-0.004611101	-0.006309782	-0.005097525	-0.004693322	-0.005853957	-0.059825015	0.004611414	0.006310271	0.005098039	0.004693664	-0.005854480	-0.059824864	0.024482880	0.018282055	0.011065201	-0.001169384	-0.001216194	-0.016828844	-0.024482799	-0.018282064	-0.011065059	0.001169444	-0.001216053	-0.016828796		A2: R18*p(-1)
1.045267931	1.114937928	0.916375734	0.693814951	0.444023626	0.016956257	-0.000002153	0.000000135	-0.062074172	-0.000001418	0.000000057	-0.132973482	-0.000000084	-0.000000023	-0.061733644	0.000000055	-0.007500557	0.009296713	-0.000000362	-0.091391829	0.000000049	-0.013740942	-0.020967252	0.000000029	-0.000000052	-0.005452688	0.000000576	0.000000389	0.012422156	0.139146464	-0.000004404	0.002530353	-0.001421059	0.020284672	0.111309695	0.179560085	-0.378107766	0.000000199	0.000000008	-0.510011528	0.000002006	-0.000000113	-0.413465194	0.000002499	-0.000000171	-0.017038127	0.000000189	0.005175384	0.096827319	-0.000002210	-0.156702173	0.000000689	0.010808541	0.412262535	-0.000008278	0.000000107	0.173016542	-0.000000760	-0.000000169	0.011571983	-0.100249044	0.000002606	0.242106828	0.373442353	0.361263647	0.123208401	0.214345095	-0.016328997	0.242104577	0.373440260	0.361262575	0.123203684	-0.214347191	0.016328764	-0.161675178	-0.100759341	0.035203967	-0.002118055	0.069550696	-0.005291780	-0.161670751	-0.100756431	0.035204899	-0.002120309	-0.069548925	0.005291753		A2: R19*p(0)
-0.000009938	-0.000010524	-0.000008677	-0.000006577	-0.000004240	-0.000002080	-0.204878961	-0.001309653	-0.000001368	-0.203526354	0.001702660	-0.000000112	-0.138579775	0.004143990	0.000000571	-0.002127887	0.000000095	-0.000000499	-0.019297507	0.000000877	-0.001639739	0.000000158	-0.000000578	-0.034422090	-0.005266725	0.000000530	0.048709078	-0.003788067	-0.000000184	-0.000003073	-0.062873864	-0.000000021	0.000000025	-0.000000225	-0.000001106	-0.000001739	0.000000185	-0.361941594	0.005038220	0.000001998	-0.308713909	0.011898264	0.000002499	-0.156759225	0.009634563	0.000000193	0.005972299	-0.000000085	-0.000001670	-0.048741239	0.000001528	0.013004403	-0.000000147	-0.000004968	-0.076113692	-0.013616879	-0.000000764	0.097215755	-0.010327599	0.000000003	-0.000000425	-0.050599076	0.111790728	0.101895095	0.054682260	0.043675354	0.023348402	-0.005721858	-0.111795139	-0.101902065	-0.054689093	-0.043677402	0.023354099	-0.005721575	-0.262632946	-0.175186252	-0.065641495	0.071304009	0.063623431	-0.008550813	0.262635681	0.175187941	0.065640708	-0.071302900	0.063625387	-0.008551000		A2: R19*p(1)
0.000000758	0.000000792	0.000000665	0.000000511	0.000000347	0.000000159	-0.001300490	-0.221920447	0.000000109	0.001706810	-0.181069906	0.000000036	0.004143978	-0.084240490	-0.000000110	-0.046954412	0.000000444	-0.000000001	-0.002125934	-0.000000147	-0.055674163	0.000000515	-0.000000003	-0.001638713	0.051418592	-0.000000162	-0.000074226	-0.048809914	0.000000943	0.000000163	0.000220556	0.000000001	0.000000005	0.000000036	0.000000124	0.000000179	-0.000000004	0.005042898	-0.296282908	-0.000000121	0.011901165	-0.153333969	-0.000000171	0.009634563	-0.030807869	0.000000016	0.028962504	-0.000000283	0.000000139	0.005969523	-0.000000012	0.093315181	-0.000000898	0.000000425	0.013003132	0.062790247	-0.000000048	-0.000880178	-0.041284785	0.000000813	-0.000000084	-0.000044441	-0.008518848	-0.007760161	-0.004159976	-0.003325294	-0.005722041	-0.051268670	0.008519350	0.007760769	0.004160551	0.003325541	-0.005722558	-0.051268550	0.020019036	0.013349367	0.004996000	-0.005431999	-0.008561432	-0.047976532	-0.020018955	-0.013349374	-0.004995851	0.005431947	-0.008561355	-0.047976481		A2: R19*p(-1)
0.091412604	0.154521082	0.103491032	0.085568740	0.074433797	0.035976730	-0.000000334	0.000000169	0.029073615	-0.000000255	0.000000067	0.061733628	-0.000000561	0.000000099	0.074885521	-0.000000264	-0.000082400	-0.184526080	0.000003509	0.007121633	-0.000000197	-0.000237445	0.004477064	-0.000000051	0.000000818	0.212021891	-0.000002019	-0.000000949	-0.000084370	-0.152625946	0.000004361	-0.003373101	0.008029886	0.096873477	0.119873287	0.095266047	-0.022159894	0.000000249	0.000000017	-0.034568368	0.000000385	0.000000017	-0.017038127	0.000000193	0.000000016	2.401130286	0.000000004	-0.002788978	0.027666894	-0.000000579	0.374187201	-0.000000003	-0.003842787	0.033292003	-0.000000699	0.000000045	0.031140497	-0.000000336	-0.000000157	-0.005753070	-0.127218031	0.000003409	0.005685506	0.032549162	0.042086773	0.033114122	0.018443591	-0.002085872	0.005685468	0.032549109	0.042086748	0.033113650	-0.018443935	0.002086082	0.053197722	0.041342418	0.070470663	0.132921566	0.215567284	-0.030011299	0.053197732	0.041342391	0.070470634	0.132917938	-0.215569508	0.030011362		A2: R20*d(0)
-0.000000228	-0.000000390	-0.000000268	-0.000000191	-0.000000110	-0.000000183	0.000166029	0.116548279	-0.000000036	0.000866185	0.040306228	-0.000000011	0.002127874	0.046954408	-0.000000262	-0.027103524	-0.000000037	0.000000478	0.000794751	-0.000000242	-0.148139647	0.000001519	0.000000239	0.003180143	0.349073080	-0.000001579	-0.000082716	-0.451450573	0.000009400	0.000000887	0.000702064	-0.000000001	-0.000000004	-0.000000035	-0.000000044	-0.000000033	0.000000245	0.007737499	0.030686540	0.000000349	0.010348614	0.042327106	0.000000189	0.005972299	0.028962504	0.000000004	2.407110500	0.000000308	-0.000000032	0.007081234	-0.000000005	0.384442796	0.000000371	-0.000000046	0.007729487	-0.026788542	0.000000003	-0.001098828	0.066312715	-0.000001394	0.000000112	0.003334149	0.001598455	0.003184561	0.001127597	0.003372459	0.002446962	0.015911125	-0.001598494	-0.003184719	-0.001127759	-0.003372566	0.002447092	0.015910941	0.006882087	0.003128103	0.002413368	0.012748127	0.033899262	0.066283279	-0.006881944	-0.003128032	-0.002413330	-0.012747000	0.033898703	0.066281585		A2: R20*d(1)
0.000042668	-0.000091941	-0.000354354	0.001185146	0.003687400	-0.000405932	0.000000088	-0.000001111	0.002814621	0.000000000	-0.000000390	0.007500501	-0.000000053	-0.000000451	-0.000082399	-0.000000037	-0.031034900	0.000090570	-0.000000009	-0.002579258	0.000001509	0.011420832	0.003526464	-0.000000210	-0.000003313	-0.000365194	0.000000203	0.000005927	0.086238379	0.000266020	-0.000000488	-0.000377916	0.000844585	0.010001039	0.012223224	0.009766310	0.006526046	-0.000000119	-0.000000299	0.009094614	-0.000000153	-0.000000415	0.005175384	-0.000000085	-0.000000283	-0.002788978	0.000000308	2.436750324	-0.006039528	-0.000000018	-0.003864436	0.000000373	0.421174927	-0.006473689	-0.000000009	0.000000276	-0.000968387	0.000000043	-0.000000918	-0.019861241	-0.010873922	0.000000290	0.000278472	0.000791219	0.001545821	0.001390109	0.000450891	0.005087480	0.000278533	0.000791347	0.001545874	0.001390235	-0.000450948	-0.005087735	0.010531618	0.006806524	0.009402220	0.033307155	0.045268014	0.098625875	0.010531769	0.006806584	0.009402258	0.033306638	-0.045269183	-0.098626968		A2: R20*d(-1)
-0.157761334	-0.268837724	-0.183867529	-0.132768690	-0.080898885	-0.067609919	0.000002815	-0.000000131	-0.013705212	0.000000722	-0.000000028	-0.009296770	0.000000532	-0.000000011	-0.184526078	0.000000475	0.000090570	0.289747660	-0.000006201	-0.025998999	0.000000217	-0.000530349	0.049616104	-0.000004430	-0.000000669	-0.235597679	0.000004935	0.000000939	-0.000105048	0.373454533	-0.000021291	0.000918182	-0.002959539	-0.037806799	-0.048602566	-0.037880115	0.122926586	-0.000002266	0.000000185	0.178074909	-0.000003132	0.000000254	0.096827319	-0.000001670	0.000000139	0.027666894	-0.000000032	-0.006039528	2.311108620	0.000000177	0.033036198	-0.000000046	-0.006511304	0.280226378	0.000000192	-0.000000330	-0.095632951	0.000001721	-0.000000009	-0.004880790	0.056768086	-0.000001033	-0.006212067	-0.046047369	-0.052746497	-0.039217570	-0.031243734	0.001988930	-0.006211246	-0.046045723	-0.052745882	-0.039215229	0.031243922	-0.001988802	0.044717427	0.016784607	0.000335958	0.204567444	0.114555802	-0.016574998	0.044720484	0.016786012	0.000337045	0.204571112	-0.114571841	0.016576161		A2: R20*d(2)
0.000002999	0.000005133	0.000003492	0.000002529	0.000001561	0.000002364	0.114389638	0.000166683	0.000000537	0.029069909	0.000866859	0.000000407	0.019297509	0.002125924	0.000003510	0.000794753	-0.000000017	-0.000006215	-0.037452005	0.000000491	0.003178597	-0.000000169	-0.000004518	-0.189482583	0.000013134	0.000005831	0.142453219	0.000896382	-0.000000742	-0.000023127	-0.562005746	-0.000000021	0.000000058	0.000000808	0.000001035	0.000000809	-0.000002879	-0.069598363	0.007737046	-0.000004089	-0.092194312	0.010345773	-0.000002210	-0.048741239	0.005969523	-0.000000579	0.007081234	-0.000000018	0.000000177	2.315653844	-0.000000688	0.007727518	-0.000000009	0.000000192	0.283882769	-0.011881191	0.000002211	0.051223428	-0.004770501	0.000000222	-0.000000014	0.037288622	-0.020966100	-0.041784758	-0.014815716	-0.044261920	-0.016010279	0.002446921	0.020966285	0.041786457	0.014817736	0.044262898	-0.016011862	0.002447320	-0.089910615	-0.040795434	-0.031581799	-0.167582060	-0.376369078	0.033981644	0.089909114	0.040794925	0.031581958	0.167568811	-0.376367855	0.033981174		A2: R20*d(-2)
0.904530061	0.867782270	0.471301840	0.354191644	0.283183660	-0.032082670	0.000000252	0.000000217	-0.004920079	-0.000000005	-0.000000022	0.091391831	-0.000000868	0.000000128	0.007121625	-0.000000233	-0.002579277	-0.025999027	0.000000512	0.065268086	-0.000000416	-0.003994393	0.106017421	-0.000001936	0.000000347	0.118421561	-0.000001096	-0.000000132	0.002690464	0.149160794	-0.000004186	-0.004299035	0.005247393	0.121390679	0.242180608	0.255669067	-0.021423741	0.000000251	0.000000052	-0.155533959	0.000001566	0.000000000	-0.156702173	0.000001528	-0.000000012	0.374187201	-0.000000005	-0.003864436	0.033036198	-0.000000688	0.528915328	0.000000111	-0.009831892	0.190861574	-0.000003742	0.000000134	0.085434271	-0.000000867	-0.000000338	-0.010701557	-0.256930145	0.000006936	0.093955338	0.165637786	0.187054657	0.066722700	0.106216581	-0.010487110	0.093955127	0.165637645	0.187054572	0.066720807	-0.106217306	0.010487653	0.026239633	0.028277819	0.149556783	0.024202322	0.036515092	-0.037922245	0.026239643	0.028277781	0.149556681	0.024201756	-0.036515302	0.037922364		A2: R21*d(0)
-0.000002271	-0.000002183	-0.000001189	-0.000000838	-0.000000547	-0.000000115	-0.002800697	0.195538479	0.000000058	-0.003130427	-0.006969534	0.000000045	0.001639696	0.055674170	-0.000000191	-0.148139646	0.000001519	0.000000233	0.003178599	-0.000000427	-0.299790030	0.000004341	0.000000307	0.008732508	0.099334151	-0.000000422	-0.000385801	-0.145333880	0.000004594	-0.000000007	0.002168615	-0.000000005	-0.000000001	-0.000000041	-0.000000170	-0.000000222	0.000000312	0.011875433	0.060713477	0.000000869	0.020360036	0.109475357	0.000000689	0.013004403	0.093315181	-0.000000003	0.384442796	0.000000373	-0.000000046	0.007727518	0.000000111	0.596282850	0.000001132	-0.000000348	0.018641935	-0.056165539	-0.000000090	-0.003152802	0.115778160	-0.000002366	0.000000248	0.004397479	0.011091689	0.009410838	0.003025879	0.004402578	0.007161319	0.062522183	-0.011092130	-0.009411682	-0.003026726	-0.004402898	0.007161962	0.062521697	0.004376427	0.001044036	0.003019158	-0.005911085	0.024586079	0.176107572	-0.004376400	-0.001044034	-0.003019227	0.005911866	0.024585591	0.176103078		A2: R21*d(1)
0.000034574	-0.000084744	0.000202257	0.003058235	0.008220153	-0.001424020	0.000000210	-0.000001863	0.002950556	0.000000050	0.000000056	0.013740845	-0.000000066	-0.000000538	-0.000237445	0.000001518	0.011420828	-0.000530353	-0.000000160	-0.003994370	0.000004325	0.156254605	0.003299446	-0.000000505	-0.000000941	-0.000172810	0.000000238	0.000005052	0.193413188	0.000678306	-0.000000347	-0.000600966	0.000657496	0.012300963	0.020623321	0.019878989	0.008662341	-0.000000171	-0.000000582	0.016893986	-0.000000271	-0.000001057	0.010808541	-0.000000147	-0.000000898	-0.003842787	0.000000371	0.421174927	-0.006511304	-0.000000009	-0.009831892	0.000001132	0.710680682	-0.013860411	-0.000000066	0.000000566	-0.002926412	0.000000071	-0.000001459	-0.025396488	-0.018640012	0.000000514	0.003551672	0.001589833	0.003119116	0.000707750	0.000149686	0.018030141	0.003552107	0.001590200	0.003119246	0.000707942	-0.000149815	-0.018031277	0.005388117	0.003673760	0.016476131	0.023531499	0.016438253	0.263320109	0.005388219	0.003673775	0.016476156	0.023531154	-0.016439073	-0.263323059		A2: R21*d(-1)
-1.566271961	-1.504144814	-0.813660675	-0.573511936	-0.383186069	0.037085605	0.000004068	-0.000000159	0.047090729	0.000000280	-0.000000014	0.020967173	0.000000621	-0.000000007	0.004477073	0.000000216	0.003526490	0.049616134	-0.000004522	0.106017458	0.000000254	0.003299483	0.015853600	-0.000007962	0.000000168	0.098384975	-0.000000597	0.000000000	-0.004100629	-0.012660354	-0.000003558	-0.000424782	-0.000519696	-0.049967964	-0.150499912	-0.183506086	0.149868758	-0.000002920	0.000000250	0.489506497	-0.000007024	0.000000580	0.412262535	-0.000004968	0.000000425	0.033292003	-0.000000046	-0.006473689	0.280226378	0.000000192	0.190861574	-0.000000348	-0.013860411	0.201584485	0.000003159	-0.000000646	-0.222742441	0.000003410	0.000000086	-0.008920498	0.173678800	-0.000003585	-0.116411495	-0.266133263	-0.283255523	-0.106316601	-0.200282045	0.013874690	-0.116405897	-0.266128447	-0.283253885	-0.106310817	0.200282839	-0.013874563	0.024654552	-0.001167141	-0.044145177	0.265124900	-0.116214039	-0.011426930	0.024656538	-0.001166608	-0.044143724	0.265124186	0.116204480	0.011427722		A2: R21*d(2)
0.000029771	0.000028636	0.000015419	0.000010848	0.000007270	0.000001513	0.232008642	-0.002800470	-0.000000556	0.033972741	-0.003129777	0.000000022	0.034422104	0.001638683	-0.000000050	0.003180160	-0.000000259	-0.000004472	-0.189482592	-0.000001966	0.008732528	-0.000000579	-0.000008023	-0.413488463	0.003992720	-0.000001692	0.019641689	0.005873688	-0.000000367	-0.000005672	-0.206007507	0.000000003	-0.000000001	0.000001080	0.000003048	0.000003643	-0.000003599	-0.093978877	0.011880849	-0.000010422	-0.155805021	0.020362869	-0.000008278	-0.076113692	0.013003132	-0.000000699	0.007729487	-0.000000009	0.000000192	0.283882769	-0.000003742	0.018641935	-0.000000066	0.000003159	0.353116203	-0.020128096	0.000004840	0.082923513	-0.009206203	0.000000437	-0.000000962	0.083564271	-0.145488458	-0.123478253	-0.039732342	-0.057780711	-0.030861325	0.007154533	0.145492595	0.123488281	0.039743061	0.057784274	-0.030869262	0.007155691	-0.057282761	-0.013553544	-0.039537548	0.077441775	-0.144761314	0.024615151	0.057281931	0.013553701	0.039539555	-0.077453130	-0.144763272	0.024614931		A2: R21*d(-2)
-0.000001190	-0.000001165	-0.000000485	-0.000000420	-0.000000271	0.000000140	-0.000471709	0.028984552	-0.000000177	-0.002327226	0.003139032	-0.000000150	-0.005266692	0.051418581	-0.000000814	-0.349073081	0.000003316	0.000000673	-0.000013131	-0.000000316	-0.099334162	0.000000950	-0.000000195	-0.003992687	0.371949062	-0.000001963	0.000190088	-0.353376547	0.000006719	-0.000000058	-0.000712360	0.000000001	-0.000000002	-0.000000085	-0.000000169	-0.000000163	0.000000033	-0.011592632	0.056705148	0.000000142	-0.022933964	0.099775341	0.000000107	-0.013616879	0.062790247	0.000000045	-0.026788542	0.000000276	-0.000000330	-0.011881191	0.000000134	-0.056165539	0.000000566	-0.000000646	-0.020128096	2.685973392	-0.000000033	0.008699718	0.050329572	-0.000001032	0.000000124	-0.001820395	0.002898407	0.002557004	0.002351577	0.004552872	0.003393555	0.028256011	-0.002898538	-0.002557307	-0.002351938	-0.004553145	0.003393944	0.028255919	0.023334358	-0.008683103	-0.007930307	-0.031629078	-0.051923463	-0.371077689	-0.023334377	0.008683094	0.007930174	0.031628228	-0.051924078	-0.371077641		A2: R22*f(0)
-0.669648444	-0.658070431	-0.272133279	-0.229815608	-0.135653225	0.093534268	-0.000000738	-0.000000027	-0.074092908	0.000000850	-0.000000057	-0.005452674	0.000000518	-0.000000158	-0.212021889	0.000001579	0.000365197	0.235597684	-0.000005835	-0.118421559	0.000000423	0.000172813	-0.098384971	0.000001673	-0.000001969	-0.507829622	0.000006180	0.000001673	-0.000164466	-0.198436231	0.000004001	0.000016711	-0.000041886	-0.021199378	-0.051351482	-0.053102291	0.114527153	-0.000000332	-0.000000056	0.267721869	-0.000001092	-0.000000067	0.173016542	-0.000000764	-0.000000048	0.031140497	0.000000003	-0.000968387	-0.095632951	0.000002211	0.085434271	-0.000000090	-0.002926412	-0.222742441	0.000004840	-0.000000033	2.581871902	0.000000958	0.000000016	-0.004108912	0.074425283	-0.000002031	-0.030015851	-0.079004409	-0.092366206	-0.067987903	-0.064878356	0.007582047	-0.030015421	-0.079004052	-0.092365919	-0.067986204	0.064879491	-0.007582207	-0.076069267	0.025517396	0.004029934	-0.047210007	0.165349281	-0.066544377	-0.076067169	0.025516663	0.004029292	-0.047215557	-0.165346507	0.066542614		A2: R22*f(1)
0.000006365	0.000006240	0.000002581	0.000002196	0.000001319	-0.000000742	0.014370930	0.000117851	0.000000882	0.013563237	0.000187933	0.000000575	0.048709075	-0.000074234	0.000002015	0.000082716	-0.000000208	-0.000004938	-0.142453218	0.000001090	0.000385799	-0.000000243	0.000000591	-0.019641705	0.000190091	0.000006173	0.142912901	0.000275208	-0.000001077	-0.000003052	-0.172936640	-0.000000002	0.000000001	0.000000242	0.000000547	0.000000551	-0.000000331	0.083848107	0.000032523	-0.000001090	0.161212514	-0.001109364	-0.000000760	0.097215755	-0.000880178	-0.000000336	-0.001098828	0.000000043	0.000001721	0.051223428	-0.000000867	-0.003152802	0.000000071	0.000003410	0.082923513	0.008699718	0.000000958	2.674836513	0.003235022	-0.000000013	0.000000234	0.035465410	-0.015500669	-0.013693615	-0.012506976	-0.024311491	-0.006486553	0.002581308	0.015501159	0.013695096	0.012508733	0.024312672	-0.006488464	0.002581402	-0.123415669	0.045770724	0.041891668	0.165165606	0.118128522	-0.107583482	0.123416901	-0.045771128	-0.041891636	-0.165162821	0.118134111	-0.107584732		A2: R22*f(-1)
0.000001538	0.000001510	0.000000611	0.000000548	0.000000434	-0.000000190	0.000572044	-0.034847476	0.000000220	-0.001041365	0.005498383	0.000000298	-0.003788032	-0.048809912	0.000000947	0.451450574	-0.000005929	-0.000000947	-0.000896378	0.000000156	0.145333873	-0.000005046	-0.000000040	-0.005873650	-0.353376543	0.000001676	0.000275207	0.558789170	-0.000023160	-0.000000661	-0.001179124	-0.000000008	0.000000016	0.000000354	0.000000577	0.000000518	-0.000000062	-0.009924083	-0.032858948	-0.000000235	-0.017738536	-0.058770946	-0.000000169	-0.010327599	-0.041284785	-0.000000157	0.066312715	-0.000000918	-0.000000009	-0.004770501	-0.000000338	0.115778160	-0.000001459	0.000000086	-0.009206203	0.050329572	0.000000016	0.003235022	2.648075585	0.000000488	-0.000000521	0.008507365	-0.003215204	-0.003319609	-0.000830099	-0.003855994	-0.004716249	-0.026664389	0.003215242	0.003319956	0.000830612	0.003856071	-0.004716595	-0.026663454	0.013445514	-0.004652195	-0.003768611	-0.067948739	-0.000295803	-0.224302005	-0.013446420	0.004652608	0.003769368	0.067949257	-0.000299414	-0.224316717		A2: R22*f(2)
0.000107075	-0.000061072	-0.000606031	0.001050821	0.005416160	-0.000138837	-0.000000071	0.000000663	0.003324124	-0.000000020	-0.000000100	0.012422072	-0.000000130	0.000000941	0.000084370	-0.000009399	-0.086238376	0.000105048	0.000000742	-0.002690445	-0.000004591	-0.193413186	0.004100603	0.000000400	0.000006713	-0.000164465	-0.000001079	-0.000023164	-0.660198645	-0.000014495	0.000001514	-0.000374879	0.000635550	0.012848905	0.019393088	0.016729016	0.010248987	0.000000022	0.000000654	0.019383982	0.000000023	0.000001168	0.011571983	0.000000003	0.000000813	-0.005753070	-0.000001394	-0.019861241	-0.004880790	0.000000222	-0.010701557	-0.000002366	-0.025396488	-0.008920498	0.000000437	-0.000001032	-0.004108912	-0.000000013	0.000000488	2.670151167	-0.024500006	0.000000334	-0.002353171	-0.000835162	0.001662181	-0.003991064	-0.001170634	-0.021675805	-0.002353433	-0.000835420	0.001662084	-0.003991445	0.001171025	0.021676748	-0.027494548	0.010839932	0.016085552	0.013237006	0.075182304	0.439151420	-0.027494114	0.010839815	0.016085473	0.013233447	-0.075182597	-0.439143791		A2: R22*f(-2)
0.865631496	0.848919061	0.344861090	0.307846709	0.232713845	-0.122273775	-0.000000341	-0.000000045	0.130969611	-0.000001282	0.000000093	0.139146437	-0.000003070	0.000000126	0.152625948	-0.000000886	-0.000266021	-0.373454535	0.000023115	-0.149160781	-0.000000013	-0.000678301	0.012660340	0.000005651	-0.000000059	-0.198436232	-0.000003040	-0.000000663	-0.000014495	-0.404171319	0.000034158	-0.004044318	0.006811022	0.163743920	0.272467437	0.246471673	-0.039088403	-0.000000464	-0.000000053	-0.139473674	-0.000000563	-0.000000127	-0.100249044	-0.000000425	-0.000000084	-0.127218031	0.000000112	-0.010873922	0.056768086	-0.000000014	-0.256930145	0.000000248	-0.018640012	0.173678800	-0.000000962	0.000000124	0.074425283	0.000000234	-0.000000521	-0.024500006	2.316940758	0.000005223	0.013686536	0.093102881	0.136913394	0.045266108	0.089269115	-0.004759961	0.013683429	0.093099747	0.136911890	0.045260288	-0.089267299	0.004759988	-0.195083876	0.082183998	0.165891574	0.202239053	0.220397900	-0.058601004	-0.195084728	0.082184536	0.165892306	0.202209714	-0.220418609	0.058601338		A2: R22*f(3)
-0.000024678	-0.000024199	-0.000009820	-0.000008713	-0.000006478	0.000002960	-0.053067592	0.000796242	-0.000003680	-0.002095269	0.000672789	-0.000004289	-0.062873917	0.000220572	-0.000004359	-0.000702066	0.000000504	0.000021306	0.562005740	0.000004155	-0.002168612	0.000000362	0.000003612	0.206007447	-0.000712368	0.000004005	-0.172936634	-0.001179129	0.000001511	0.000034175	0.794450291	0.000000108	-0.000000175	-0.000004387	-0.000007327	-0.000006634	0.000001038	-0.030823723	-0.000764945	0.000003718	-0.069639147	-0.000264199	0.000002606	-0.050599076	-0.000044441	0.000003409	0.003334149	0.000000290	-0.000001033	0.037288622	0.000006936	0.004397479	0.000000514	-0.000003585	0.083564271	-0.001820395	-0.000002031	0.035465410	0.008507365	0.000000334	0.000005223	2.512417506	0.054481080	0.053230858	0.025169125	0.072826943	0.036915206	-0.005329076	-0.054481674	-0.053236116	-0.025176782	-0.072828854	0.036921557	-0.005329510	0.017819018	-0.010317959	-0.014587324	0.508048951	-0.343262169	0.004840815	-0.017809186	0.010313724	0.014578571	-0.508064811	-0.343242736	0.004837815		A2: R22*f(-3)
-0.065488443	-0.157287429	-0.356093334	-0.368037808	-0.326525698	0.206928721	0.333483494	-0.025437702	0.198581109	0.321056334	-0.024482718	0.161675247	0.262632931	-0.020018895	0.053197642	0.006882075	0.010531558	0.044717332	-0.089910500	0.026239605	0.004376459	0.005388082	0.024654515	-0.057282710	-0.023334323	0.076069390	0.123415852	-0.013445467	0.027494502	0.195084128	-0.017819142	-0.001299722	0.000916862	-0.005751247	-0.064876358	-0.137839963	0.003252576	0.005446731	-0.000412833	0.123050358	0.060517195	-0.004611101	0.242106828	0.111790728	-0.008518848	0.005685506	0.001598455	0.000278472	-0.006212067	-0.020966100	0.093955338	0.011091689	0.003551672	-0.116411495	-0.145488458	0.002898407	-0.030015851	-0.015500669	-0.003215204	-0.002353171	0.013686536	0.054481080	0.459356054	-0.460189441	-0.432779342	-0.109161841	-0.178238912	0.013550956	0.002202307	-0.077730662	-0.175695193	0.010605462	0.069339250	-0.005286236	-0.006577060	-0.004734652	-0.031077919	-0.003564114	0.000070274	-0.000005098	0.006990868	-0.005081150	-0.078457865	0.001848444	0.000525795	-0.000039257		A3: R23*s(0)
-0.767970133	-0.849289376	-0.769467411	-0.643774045	-0.490897299	0.183160006	0.301717114	-0.023009963	0.138273320	0.239799031	-0.018281983	0.100759351	0.175186226	-0.013349315	0.041342460	0.003128088	0.006806515	0.016784624	-0.040795507	0.028277833	0.001044023	0.003673756	-0.001167142	-0.013553552	0.008683073	-0.025517441	-0.045770770	0.004652178	-0.010839939	-0.082184109	0.010318007	-0.019734497	-0.029540100	-0.094364424	-0.197979673	-0.266356866	0.082366463	0.034764645	-0.002646001	0.300423316	0.082856784	-0.006309782	0.373442353	0.101895095	-0.007760161	0.032549162	0.003184561	0.000791219	-0.046047369	-0.041784758	0.165637786	0.009410838	0.001589833	-0.266133263	-0.123478253	0.002557004	-0.079004409	-0.013693615	-0.003319609	-0.000835162	0.093102881	0.053230858	-0.460189441	-0.467915646	-0.477121281	-0.201671830	-0.328284596	0.024995002	-0.077730658	-0.234912548	-0.318733961	-0.035963900	0.189869521	-0.014468937	-0.004734667	-0.016741606	-0.092169261	0.001448452	0.003134601	-0.000238760	-0.005081153	-0.044839920	-0.146295905	0.031674364	-0.004604447	0.000352716		A3: R24*s(0)
-0.820654205	-0.900281397	-0.839971431	-0.728311011	-0.547225782	0.085975173	0.156156945	-0.011904274	0.023287102	0.145221602	-0.011065107	-0.035204003	0.065641454	-0.004995933	0.070470689	0.002413331	0.009402238	0.000335985	-0.031581870	0.149556791	0.003019094	0.016476157	-0.044145163	-0.039537606	0.007930225	-0.004029932	-0.041891681	0.003768556	-0.016085591	-0.165891634	0.014587426	-0.251829076	-0.284867577	-0.324590741	-0.383986984	-0.390494391	0.125605824	0.052362489	-0.003988432	0.322232036	0.066969503	-0.005097525	0.361263647	0.054682260	-0.004159976	0.042086773	0.001127597	0.001545821	-0.052746497	-0.014815716	0.187054657	0.003025879	0.003119116	-0.283255523	-0.039732342	0.002351577	-0.092366206	-0.012506976	-0.000830099	0.001662181	0.136913394	0.025169125	-0.432779342	-0.477121281	-0.425471956	-0.155195746	-0.253980184	0.019345156	-0.175695167	-0.318733889	-0.378198672	-0.082002730	0.192135717	-0.014637148	-0.031077920	-0.092169225	-0.193980543	0.036852133	0.045095581	-0.003436214	-0.078457882	-0.146295956	-0.232254829	0.065495698	-0.053091229	0.004047504		A3: R25*s(0)
-0.432561705	-0.495247193	-0.295791168	-0.218154655	-0.161529625	-0.087294780	0.084152905	-0.006425639	-0.015464869	0.015279421	-0.001169488	-0.002118190	0.071303994	-0.005432079	-0.132921670	-0.012748106	-0.033307093	-0.204567714	0.167582143	-0.024202209	0.005911036	-0.023531432	-0.265125036	-0.077441936	-0.031628954	-0.047210128	0.165165579	-0.067948567	0.013236963	0.202239138	0.508049209	0.001766223	-0.003323804	-0.060501012	-0.106852813	-0.106064689	0.069131506	0.030701657	-0.002338070	0.164316654	0.061633624	-0.004693322	0.123208401	0.043675354	-0.003325294	0.033114122	0.003372459	0.001390109	-0.039217570	-0.044261920	0.066722700	0.004402578	0.000707750	-0.106316601	-0.057780711	0.004552872	-0.067987903	-0.024311491	-0.003855994	-0.003991064	0.045266108	0.072826943	-0.109161841	-0.201671830	-0.155195746	1.320117567	-0.152745642	0.011619937	0.010604254	-0.035967262	-0.082006209	-0.031506807	0.029311201	-0.002235342	0.003563792	-0.001448808	-0.036852410	0.001169120	-0.001099408	0.000083830	-0.001848540	-0.031674635	-0.065496859	0.020757647	-0.000770820	0.000059622		A3: R26*p(0)
-0.699685838	-0.801142728	-0.478434663	-0.355397935	-0.267558877	0.084942921	-0.001765818	-0.009848112	0.014521872	-0.001160370	-0.001216020	0.069550266	0.063623023	-0.008561225	-0.215567380	-0.033899167	-0.045267884	-0.114555581	0.376369171	-0.036514834	-0.024585884	-0.016438157	0.116214149	0.144760489	-0.051923310	0.165349272	0.118128281	-0.000295691	0.075182043	0.220397331	-0.343262779	-0.000689114	-0.000487456	-0.027863346	-0.090189876	-0.129822974	0.031634142	0.008219549	-0.002913532	0.176563324	0.016514199	-0.005853957	0.214345095	0.023348402	-0.005722041	0.018443591	0.002446962	0.000450891	-0.031243734	-0.016010279	0.106216581	0.007161319	0.000149686	-0.200282045	-0.030861325	0.003393555	-0.064878356	-0.006486553	-0.004716249	-0.001170634	0.089269115	0.036915206	-0.178238912	-0.328284596	-0.253980184	-0.152745642	1.166322903	0.018912997	-0.069339368	-0.189868908	-0.192134576	-0.029307105	0.200627464	-0.017631221	-0.000072202	-0.003136459	-0.045096809	-0.001099177	-0.000525557	-0.000458865	0.000526082	-0.004603503	-0.053089721	0.000770337	-0.000709984	-0.000556594		A3: R26*p(1)
0.053324199	0.061054174	0.036442616	0.027070762	0.020382426	-0.006453795	-0.009794324	-0.129965231	-0.001090555	-0.001181848	-0.016828805	-0.005291894	-0.008550914	-0.047976539	0.030011255	-0.066283473	-0.098626165	0.016574935	-0.033981619	0.037922177	-0.176107681	-0.263320246	0.011426825	-0.024615253	-0.371078064	-0.066544211	-0.107583183	-0.224302075	0.439151898	-0.058600819	0.004840760	0.000051778	0.000037311	0.002124331	0.006873736	0.009892643	-0.002411613	-0.002914579	-0.029787404	-0.013454482	-0.005852901	-0.059825015	-0.016328997	-0.005721858	-0.051268670	-0.002085872	0.015911125	0.005087480	0.001988930	0.002446921	-0.010487110	0.062522183	0.018030141	0.013874690	0.007154533	0.028256011	0.007582047	0.002581308	-0.026664389	-0.021675805	-0.004759961	-0.005329076	0.013550956	0.024995002	0.019345156	0.011619937	0.018912997	1.413690975	0.005286328	0.014468884	0.014636827	0.002235053	-0.017631198	-0.029374510	0.000004589	0.000238311	0.003435949	0.000084080	-0.000458883	-0.006509584	-0.000039186	0.000352752	0.004047480	-0.000059606	-0.000556563	-0.007966781		A3: R26*p(-1)
-0.065488235	-0.157287135	-0.356093072	-0.368037629	-0.326525591	0.206922615	-0.333487006	0.025438258	0.198575306	-0.321059808	0.024483284	0.161670556	-0.262635785	0.020019367	0.053197704	-0.006882017	0.010531947	0.044720614	0.089909031	0.026239616	-0.004376386	0.005388313	0.024656612	0.057281901	0.023334724	0.076067015	-0.123416883	0.013446695	0.027494513	0.195084736	0.017808713	-0.001299729	0.000916940	-0.005751175	-0.064876180	-0.137839776	0.003252429	-0.005446740	0.000412920	0.123048980	-0.060519344	0.004611414	0.242104577	-0.111795139	0.008519350	0.005685468	-0.001598494	0.000278533	-0.006211246	0.020966285	0.093955127	-0.011092130	0.003552107	-0.116405897	0.145492595	-0.002898538	-0.030015421	0.015501159	0.003215242	-0.002353433	0.013683429	-0.054481674	0.002202307	-0.077730658	-0.175695167	0.010604254	-0.069339368	0.005286328	0.459356200	-0.460189303	-0.432779275	-0.109158555	0.178240566	-0.013551245	0.006990874	-0.005081140	-0.078457931	0.001848531	-0.000525693	0.000039379	-0.006577048	-0.004734638	-0.031077797	-0.003564257	-0.000072355	0.000004712		A4: R27*s(0)
-0.767969485	-0.849288745	-0.769466976	-0.643773734	-0.490897091	0.183154567	-0.301720274	0.023010413	0.138269075	-0.239801466	0.018282340	0.100756269	-0.175188013	0.013349577	0.041342388	-0.003128087	0.006806690	0.016786078	0.040794873	0.028277777	-0.001044055	0.003673824	-0.001166604	0.013553675	-0.008683247	-0.025516587	0.045771126	-0.004652702	-0.010839960	-0.082184557	-0.010313558	-0.019734409	-0.029539897	-0.094364169	-0.197979369	-0.266356607	0.082365609	-0.034766090	0.002646143	0.300421448	-0.082862341	0.006310271	0.373440260	-0.101902065	0.007760769	0.032549109	-0.003184719	0.000791347	-0.046045723	0.041786457	0.165637645	-0.009411682	0.001590200	-0.266128447	0.123488281	-0.002557307	-0.079004052	0.013695096	0.003319956	-0.000835420	0.093099747	-0.053236116	-0.077730662	-0.234912548	-0.318733889	-0.035967262	-0.189868908	0.014468884	-0.460189303	-0.467915395	-0.477121100	-0.201665799	0.328287796	-0.024995511	-0.005081199	-0.044839959	-0.146296010	0.031674617	0.004603871	-0.000352583	-0.004734655	-0.016741536	-0.092168998	0.001448116	-0.003136861	0.000238433		A4: R28*s(0)
-0.820653983	-0.900281158	-0.839971222	-0.728310821	-0.547225627	0.085972409	-0.156158400	0.011904518	0.023284635	-0.145221898	0.011065285	-0.035205048	-0.065640753	0.004995969	0.070470638	-0.002413395	0.009402370	0.000337122	0.031581882	0.149556684	-0.003019327	0.016476335	-0.044143665	0.039539442	-0.007930359	-0.004029202	0.041891627	-0.003769483	-0.016085639	-0.165892349	-0.014578360	-0.251828678	-0.284867109	-0.324590350	-0.383986651	-0.390494152	0.125604749	-0.052364811	0.003988642	0.322230663	-0.066975587	0.005098039	0.361262575	-0.054689093	0.004160551	0.042086748	-0.001127759	0.001545874	-0.052745882	0.014817736	0.187054572	-0.003026726	0.003119246	-0.283253885	0.039743061	-0.002351938	-0.092365919	0.012508733	0.000830612	0.001662084	0.136911890	-0.025176782	-0.175695193	-0.318733961	-0.378198672	-0.082006209	-0.192134576	0.014636827	-0.432779275	-0.477121100	-0.425471786	-0.155191106	0.253982659	-0.019345567	-0.078457963	-0.146295969	-0.232254900	0.065496748	0.053089644	-0.004047448	-0.031077816	-0.092169025	-0.193980203	0.036851045	-0.045097692	0.003436043		A4: R29*s(0)
-0.432548530	-0.495232268	-0.295782369	-0.218148091	-0.161524699	-0.087297659	-0.084151441	0.006425625	-0.015465382	-0.015279114	0.001169529	-0.002120619	-0.071302820	0.005432087	-0.132917683	0.012747155	-0.033307117	-0.204571261	-0.167568117	-0.024201610	-0.005911958	-0.023531484	-0.265124208	0.077453732	0.031628651	-0.047215873	-0.165162452	0.067950339	0.013233458	0.202208187	-0.508065550	0.001766225	-0.003323759	-0.060500274	-0.106850960	-0.106062180	0.069130155	-0.030702831	0.002338235	0.164312206	-0.061636586	0.004693664	0.123203684	-0.043677402	0.003325541	0.033113650	-0.003372566	0.001390235	-0.039215229	0.044262898	0.066720807	-0.004402898	0.000707942	-0.106310817	0.057784274	-0.004553145	-0.067986204	0.024312672	0.003856071	-0.003991445	0.045260288	-0.072828854	0.010605462	-0.035963900	-0.082002730	-0.031506807	-0.029307105	0.002235053	-0.109158555	-0.201665799	-0.155191106	1.320123183	0.152742770	-0.011619750	-0.001848648	-0.031674698	-0.065495958	0.020757689	0.000770643	-0.000059560	0.003564007	-0.001448500	-0.036851356	0.001169134	0.001099124	-0.000083960		A4: R30*p(0)
0.699692317	0.801150434	0.478439505	0.355401341	0.267561168	-0.084941390	-0.001762659	-0.009848470	-0.014521770	-0.001159775	-0.001216119	-0.069549711	0.063625845	-0.008561547	0.215569492	-0.033899203	0.045269944	0.114572617	0.376367864	0.036515511	-0.024585991	0.016439382	-0.116204371	0.144763886	-0.051924866	-0.165346123	0.118134074	-0.000299606	-0.075183762	-0.220419477	-0.343241532	0.000689181	0.000487407	0.027863553	0.090190642	0.129823793	-0.031635757	0.008221668	-0.002913742	-0.176566553	0.016519955	-0.005854480	-0.214347191	0.023354099	-0.005722558	-0.018443935	0.002447092	-0.000450948	0.031243922	-0.016011862	-0.106217306	0.007161962	-0.000149815	0.200282839	-0.030869262	0.003393944	0.064879491	-0.006488464	-0.004716595	0.001171025	-0.089267299	0.036921557	0.069339250	0.189869521	0.192135717	0.029311201	0.200627464	-0.017631198	0.178240566	0.328287796	0.253982659	0.152742770	1.166317883	0.018913537	-0.000525976	0.004603984	0.053090503	-0.000770917	-0.000709654	-0.000556639	0.000070236	0.003134521	0.045095989	0.001099548	-0.000525726	-0.000458792		A4: R30*p(1)
-0.053325192	-0.061055308	-0.036443231	-0.027071301	-0.020383041	0.006453840	-0.009794644	-0.129965087	0.001090436	-0.001181772	-0.016828731	0.005291371	-0.008550917	-0.047976412	-0.030011832	-0.066281425	0.098626892	-0.016576460	-0.033981577	-0.037922816	-0.176102790	0.263323090	-0.011428118	-0.024614922	-0.371077280	0.066543550	-0.107586452	-0.224317286	-0.439143125	0.058602267	0.004837862	-0.000051703	-0.000037371	-0.002124997	-0.006874667	-0.009893549	0.002411166	-0.002913953	-0.029787316	0.013454077	-0.005852311	-0.059824864	0.016328764	-0.005721575	-0.051268550	0.002086082	0.015910941	-0.005087735	-0.001988802	0.002447320	0.010487653	0.062521697	-0.018031277	-0.013874563	0.007155691	0.028255919	-0.007582207	0.002581402	-0.026663454	0.021676748	0.004759988	-0.005329510	-0.005286236	-0.014468937	-0.014637148	-0.002235342	-0.017631221	-0.029374510	-0.013551245	-0.024995511	-0.019345567	-0.011619750	0.018913537	1.413691047	0.000039251	-0.000352895	-0.004047952	0.000059579	-0.000556478	-0.007966789	-0.000005841	-0.000239734	-0.003437014	-0.000083877	-0.000459173	-0.006509422		A4: R30*p(-1)
-0.001299721	0.000916996	-0.005751266	-0.064876344	-0.137839923	-0.003252544	-0.005446722	0.000412909	-0.123050246	-0.060517185	0.004611215	-0.242106705	-0.111790738	0.008518959	0.005685505	0.001598476	0.000278473	-0.006212055	-0.020966102	0.093955269	0.011091758	0.003551679	-0.116411396	-0.145488423	-0.002898420	0.030015812	0.015500653	0.003215231	0.002353176	-0.013686514	-0.054481048	-0.065488236	-0.157287137	-0.356093033	-0.368037585	-0.326525568	-0.206928565	-0.333483368	0.025437835	-0.198581001	-0.321056301	0.024482880	-0.161675178	-0.262632946	0.020019036	0.053197722	0.006882087	0.010531618	0.044717427	-0.089910615	0.026239633	0.004376427	0.005388117	0.024654552	-0.057282761	0.023334358	-0.076069267	-0.123415669	0.013445514	-0.027494548	-0.195083876	0.017819018	-0.006577060	-0.004734667	-0.031077920	0.003563792	-0.000072202	0.000004589	0.006990874	-0.005081199	-0.078457963	-0.001848648	-0.000525976	0.000039251	0.459356290	-0.460189255	-0.432779251	0.109161681	0.178238628	-0.013550972	0.002202288	-0.077730678	-0.175695166	-0.010605430	-0.069339221	0.005286281		A5: R31*s(0)
-0.019734483	-0.029539930	-0.094364375	-0.197979575	-0.266356746	-0.082366413	-0.034764627	0.002646011	-0.300423167	-0.082856783	0.006309805	-0.373442204	-0.101895110	0.007760190	0.032549154	0.003184575	0.000791224	-0.046047335	-0.041784778	0.165637688	0.009410872	0.001589836	-0.266133116	-0.123478274	-0.002557008	0.079004355	0.013693604	0.003319628	0.000835163	-0.093102820	-0.053230855	-0.767969495	-0.849288762	-0.769466981	-0.643773744	-0.490897102	-0.183159918	-0.301717073	0.023010037	-0.138273290	-0.239799055	0.018282055	-0.100759341	-0.175186252	0.013349367	0.041342418	0.003128103	0.006806524	0.016784607	-0.040795434	0.028277819	0.001044036	0.003673760	-0.001167141	-0.013553544	-0.008683103	0.025517396	0.045770724	-0.004652195	0.010839932	0.082183998	-0.010317959	-0.004734652	-0.016741606	-0.092169225	-0.001448808	-0.003136459	0.000238311	-0.005081140	-0.044839959	-0.146295969	-0.031674698	0.004603984	-0.000352895	-0.460189255	-0.467915363	-0.477121097	0.201671601	0.328284255	-0.024995059	-0.077730676	-0.234912517	-0.318733872	0.035964003	-0.189869438	0.014468835		A5: R32*s(0)
-0.251829006	-0.284867410	-0.324590679	-0.383986917	-0.390494325	-0.125605788	-0.052362490	0.003988445	-0.322231958	-0.066969533	0.005097556	-0.361263585	-0.054682295	0.004160014	0.042086771	0.001127595	0.001545840	-0.052746461	-0.014815745	0.187054610	0.003025886	0.003119145	-0.283255426	-0.039732381	-0.002351602	0.092366180	0.012506973	0.000830089	-0.001662202	-0.136913375	-0.025169097	-0.820653980	-0.900281171	-0.839971234	-0.728310872	-0.547225700	-0.085975165	-0.156156955	0.011904335	-0.023287133	-0.145221647	0.011065201	0.035203967	-0.065641495	0.004996000	0.070470663	0.002413368	0.009402220	0.000335958	-0.031581799	0.149556783	0.003019158	0.016476131	-0.044145177	-0.039537548	-0.007930307	0.004029934	0.041891668	-0.003768611	0.016085552	0.165891574	-0.014587324	-0.031077919	-0.092169261	-0.193980543	-0.036852410	-0.045096809	0.003435949	-0.078457931	-0.146296010	-0.232254900	-0.065495958	0.053090503	-0.004047952	-0.432779251	-0.477121097	-0.425471846	0.155195592	0.253979987	-0.019345200	-0.175695167	-0.318733870	-0.378198614	0.082002824	-0.192135865	0.014636843		A5: R33*s(0)
-0.001766208	0.003323756	0.060500793	0.106852523	0.106064411	0.069131628	0.030701794	-0.002337980	0.164316710	0.061633810	-0.004693201	0.123208390	0.043675483	-0.003325192	-0.033114040	-0.003372475	-0.001390111	0.039217510	0.044261824	-0.066722548	-0.004402595	-0.000707747	0.106316510	0.057780588	0.004552865	-0.067987900	-0.024311522	-0.003855970	-0.003991076	0.045265993	0.072826959	0.432560910	0.495246447	0.295790858	0.218154389	0.161529401	-0.087294734	0.084152959	-0.006425586	-0.015464876	0.015279386	-0.001169384	-0.002118055	0.071304009	-0.005431999	0.132921566	0.012748127	0.033307155	0.204567444	-0.167582060	0.024202322	-0.005911085	0.023531499	0.265124900	0.077441775	-0.031629078	-0.047210007	0.165165606	-0.067948739	0.013237006	0.202239053	0.508048951	-0.003564114	0.001448452	0.036852133	0.001169120	-0.001099177	0.000084080	0.001848531	0.031674617	0.065496748	0.020757689	-0.000770917	0.000059579	0.109161681	0.201671601	0.155195592	1.320117835	-0.152745481	0.011619977	-0.010604256	0.035967201	0.082006091	-0.031506831	0.029311079	-0.002235316		A5: R34*p(0)
0.000689178	0.000487376	0.027862867	0.090189149	0.129822222	0.031634407	0.008220691	-0.002913775	0.176563673	0.016515769	-0.005854312	0.214345337	0.023349524	-0.005722336	-0.018443481	-0.002446959	-0.000450858	0.031244011	0.016009937	-0.106216238	-0.007161284	-0.000149610	0.200282255	0.030860577	0.003393626	-0.064878369	-0.006486823	-0.004716240	-0.001170678	0.089268626	0.036915145	0.699684785	0.801141796	0.478434309	0.355397546	0.267558435	0.084942930	-0.001765667	-0.009848267	0.014521965	-0.001160307	-0.001216194	0.069550696	0.063623431	-0.008561432	0.215567284	0.033899262	0.045268014	0.114555802	-0.376369078	0.036515092	0.024586079	0.016438253	-0.116214039	-0.144761314	-0.051923463	0.165349281	0.118128522	-0.000295803	0.075182304	0.220397900	-0.343262169	0.000070274	0.003134601	0.045095581	-0.001099408	-0.000525557	-0.000458883	-0.000525693	0.004603871	0.053089644	0.000770643	-0.000709654	-0.000556478	0.178238628	0.328284255	0.253979987	-0.152745481	1.166323278	0.018912997	0.069339479	0.189868889	0.192134295	-0.029307205	0.200627414	-0.017631111		A5: R34*p(1)
-0.000051762	-0.000037326	-0.002124487	-0.006873929	-0.009892807	-0.002411599	-0.002914248	-0.029787467	-0.013454484	-0.005852469	-0.059825083	-0.016329015	-0.005721569	-0.051268704	0.002085925	-0.015911067	-0.005087448	-0.001988867	-0.002447041	0.010487203	-0.062522101	-0.018030106	-0.013874600	-0.007154748	0.028256049	0.007582046	0.002581228	-0.026664381	-0.021675838	-0.004760074	-0.005329121	-0.053324279	-0.061054291	-0.036442716	-0.027070863	-0.020382540	-0.006453775	-0.009794358	-0.129965201	-0.001090454	-0.001181782	-0.016828844	-0.005291780	-0.008550813	-0.047976532	-0.030011299	0.066283279	0.098625875	-0.016574998	0.033981644	-0.037922245	0.176107572	0.263320109	-0.011426930	0.024615151	-0.371077689	-0.066544377	-0.107583482	-0.224302005	0.439151420	-0.058601004	0.004840815	-0.000005098	-0.000238760	-0.003436214	0.000083830	-0.000458865	-0.006509584	0.000039379	-0.000352583	-0.004047448	-0.000059560	-0.000556639	-0.007966789	-0.013550972	-0.024995059	-0.019345200	0.011619977	0.018912997	1.413691104	-0.005286239	-0.014468827	-0.014636875	0.002235048	-0.017631113	-0.029374546		A5: R34*p(-1)
-0.001299728	0.000916867	-0.005751136	-0.064876108	-0.137839714	-0.003252356	0.005446738	-0.000412791	-0.123048820	0.060519278	-0.004611181	-0.242104502	0.111795056	-0.008519087	0.005685446	-0.001598454	0.000278525	-0.006211221	0.020966245	0.093955102	-0.011091922	0.003552052	-0.116405860	0.145492450	0.002898480	0.030015376	-0.015501136	-0.003215174	0.002353402	-0.013683433	0.054481603	-0.065488223	-0.157287112	-0.356093044	-0.368037600	-0.326525572	-0.206922902	0.333486861	-0.025437793	-0.198575576	0.321059676	-0.024482799	-0.161670751	0.262635681	-0.020018955	0.053197732	-0.006881944	0.010531769	0.044720484	0.089909114	0.026239643	-0.004376400	0.005388219	0.024656538	0.057281931	-0.023334377	-0.076067169	0.123416901	-0.013446420	-0.027494114	-0.195084728	-0.017809186	0.006990868	-0.005081153	-0.078457882	-0.001848540	0.000526082	-0.000039186	-0.006577048	-0.004734655	-0.031077816	0.003564007	0.000070236	-0.000005841	0.002202288	-0.077730676	-0.175695167	-0.010604256	0.069339479	-0.005286239	0.459356223	-0.460189274	-0.432779255	0.109158697	-0.178240592	0.013550990		A6: R35*s(0)
-0.019734360	-0.029539889	-0.094364041	-0.197979249	-0.266356531	-0.082365523	0.034766045	-0.002646087	-0.300421354	0.082862276	-0.006310160	-0.373440250	0.101902002	-0.007760644	0.032549073	-0.003184670	0.000791328	-0.046045701	0.041786406	0.165637650	-0.009411553	0.001590179	-0.266128418	0.123488222	0.002557277	0.079004040	-0.013695099	-0.003319902	0.000835424	-0.093099717	0.053236109	-0.767969451	-0.849288714	-0.769466953	-0.643773712	-0.490897083	-0.183154833	0.301720132	-0.023010071	-0.138269308	0.239801346	-0.018282064	-0.100756431	0.175187941	-0.013349374	0.041342391	-0.003128032	0.006806584	0.016786012	0.040794925	0.028277781	-0.001044034	0.003673775	-0.001166608	0.013553701	0.008683094	0.025516663	-0.045771128	0.004652608	0.010839815	0.082184536	0.010313724	-0.005081150	-0.044839920	-0.146295956	-0.031674635	-0.004603503	0.000352752	-0.004734638	-0.016741536	-0.092169025	-0.001448500	0.003134521	-0.000239734	-0.077730678	-0.234912517	-0.318733870	0.035967201	0.189868889	-0.014468827	-0.460189274	-0.467915389	-0.477121104	0.201666057	-0.328287713	0.024995073		A6: R36*s(0)
-0.251828481	-0.284866903	-0.324590148	-0.383986483	-0.390494037	-0.125604736	0.052364768	-0.003988583	-0.322230650	0.066975525	-0.005097961	-0.361262598	0.054689041	-0.004160477	0.042086728	-0.001127739	0.001545867	-0.052745874	0.014817710	0.187054545	-0.003026670	0.003119241	-0.283253856	0.039743026	0.002351908	0.092365907	-0.012508726	-0.000830591	-0.001662076	-0.136911861	0.025176781	-0.820653964	-0.900281159	-0.839971198	-0.728310783	-0.547225589	-0.085972553	0.156158332	-0.011904312	-0.023284841	0.145221811	-0.011065059	0.035204899	0.065640708	-0.004995851	0.070470634	-0.002413330	0.009402258	0.000337045	0.031581958	0.149556681	-0.003019227	0.016476156	-0.044143724	0.039539555	0.007930174	0.004029292	-0.041891636	0.003769368	0.016085473	0.165892306	0.014578571	-0.078457865	-0.146295905	-0.232254829	-0.065496859	-0.053089721	0.004047480	-0.031077797	-0.092168998	-0.193980203	-0.036851356	0.045095989	-0.003437014	-0.175695166	-0.318733872	-0.378198614	0.082006091	0.192134295	-0.014636875	-0.432779255	-0.477121104	-0.425471761	0.155191274	-0.253982642	0.019345214		A6: R37*s(0)
-0.001766192	0.003323741	0.060499964	0.106850657	0.106061949	0.069130403	-0.030702848	0.002338127	0.164312733	-0.061636676	0.004693500	0.123204141	-0.043677497	0.003325416	-0.033113575	0.003372506	-0.001390205	0.039215250	-0.044262812	-0.066720895	0.004402831	-0.000707932	0.106311059	-0.057784397	-0.004553066	-0.067986302	0.024312680	0.003856004	-0.003991389	0.045260344	-0.072828889	0.432549102	0.495232948	0.295782821	0.218148387	0.161524821	-0.087297600	-0.084151513	0.006425485	-0.015465360	-0.015279121	0.001169444	-0.002120309	-0.071302900	0.005431947	0.132917938	-0.012747000	0.033306638	0.204571112	0.167568811	0.024201756	0.005911866	0.023531154	0.265124186	-0.077453130	0.031628228	-0.047215557	-0.165162821	0.067949257	0.013233447	0.202209714	-0.508064811	0.001848444	0.031674364	0.065495698	0.020757647	0.000770337	-0.000059606	-0.003564257	0.001448116	0.036851045	0.001169134	0.001099548	-0.000083877	-0.010605430	0.035964003	0.082002824	-0.031506831	-0.029307205	0.002235048	0.109158697	0.201666057	0.155191274	1.320122915	0.152742834	-0.011619638		A6: R38*p(0)
-0.000689048	-0.000487494	-0.027864518	-0.090191876	-0.129824941	-0.031634636	0.008220632	-0.002913595	-0.176565058	0.016518564	-0.005854252	-0.214346169	0.023353092	-0.005722366	0.018444119	-0.002447077	0.000450984	-0.031243648	0.016012160	0.106217685	-0.007161897	0.000149893	-0.200282422	0.030869853	0.003393845	0.064879230	-0.006488223	-0.004716537	0.001170954	-0.089267558	0.036921471	-0.699691983	-0.801150016	-0.478439148	-0.355401239	-0.267561474	-0.084941687	-0.001762769	-0.009848291	-0.014521636	-0.001159952	-0.001216053	-0.069548925	0.063625387	-0.008561355	-0.215569508	0.033898703	-0.045269183	-0.114571841	-0.376367855	-0.036515302	0.024585591	-0.016439073	0.116204480	-0.144763272	-0.051924078	-0.165346507	0.118134111	-0.000299414	-0.075182597	-0.220418609	-0.343242736	0.000525795	-0.004604447	-0.053091229	-0.000770820	-0.000709984	-0.000556563	-0.000072355	-0.003136861	-0.045097692	0.001099124	-0.000525726	-0.000459173	-0.069339221	-0.189869438	-0.192135865	0.029311079	0.200627414	-0.017631113	-0.178240592	-0.328287713	-0.253982642	0.152742834	1.166318123	0.018913237		A6: R38*p(1)
0.000051773	0.000037306	0.002124410	0.006873846	0.009892729	0.002411667	-0.002914556	-0.029787331	0.013454566	-0.005853074	-0.059824890	0.016328998	-0.005722092	-0.051268599	-0.002085940	-0.015910941	0.005087738	0.001988880	-0.002447071	-0.010487288	-0.062521748	0.018031294	0.013874520	-0.007155171	0.028255891	-0.007582182	0.002581489	-0.026663480	0.021676697	0.004759746	-0.005329436	0.053324340	0.061054362	0.036442735	0.027070851	0.020382499	0.006453638	-0.009794476	-0.129965159	0.001090509	-0.001181845	-0.016828796	0.005291753	-0.008551000	-0.047976481	0.030011362	0.066281585	-0.098626968	0.016576161	0.033981174	0.037922364	0.176103078	-0.263323059	0.011427722	0.024614931	-0.371077641	0.066542614	-0.107584732	-0.224316717	-0.439143791	0.058601338	0.004837815	-0.000039257	0.000352716	0.004047504	0.000059622	-0.000556594	-0.007966781	0.000004712	0.000238433	0.003436043	-0.000083960	-0.000458792	-0.006509422	0.005286281	0.014468835	0.014636843	-0.002235316	-0.017631111	-0.029374546	0.013550990	0.024995073	0.019345214	-0.011619638	0.018913237	1.413691076		A6: R38*p(-1)