Fock matrix in NAO basis
86	86
A1*: R1*s(0)	A1*: R2*s(0)	A1*: R3*s(0)	A1: R4*s(0)	A1: R5*s(0)	A1*: R6*p(0)	A1*: R6*p(1)	A1*: R6*p(-1)	A1*: R7*p(0)	A1*: R7*p(1)	A1*: R7*p(-1)	A1: R8*p(0)	A1: R8*p(1)	A1: R8*p(-1)	A1*: R9*d(0)	A1*: R9*d(1)	A1*: R9*d(-1)	A1*: R9*d(2)	A1*: R9*d(-2)	A1*: R10*d(0)	A1*: R10*d(1)	A1*: R10*d(-1)	A1*: R10*d(2)	A1*: R10*d(-2)	A1*: R11*f(0)	A1*: R11*f(1)	A1*: R11*f(-1)	A1*: R11*f(2)	A1*: R11*f(-2)	A1*: R11*f(3)	A1*: R11*f(-3)	A2*: R12*s(0)	A2*: R13*s(0)	A2*: R14*s(0)	A2: R15*s(0)	A2: R16*s(0)	A2*: R17*p(0)	A2*: R17*p(1)	A2*: R17*p(-1)	A2*: R18*p(0)	A2*: R18*p(1)	A2*: R18*p(-1)	A2: R19*p(0)	A2: R19*p(1)	A2: R19*p(-1)	A2*: R20*d(0)	A2*: R20*d(1)	A2*: R20*d(-1)	A2*: R20*d(2)	A2*: R20*d(-2)	A2*: R21*d(0)	A2*: R21*d(1)	A2*: R21*d(-1)	A2*: R21*d(2)	A2*: R21*d(-2)	A2*: R22*f(0)	A2*: R22*f(1)	A2*: R22*f(-1)	A2*: R22*f(2)	A2*: R22*f(-2)	A2*: R22*f(3)	A2*: R22*f(-3)	A3*: R23*s(0)	A3*: R24*s(0)	A3: R25*s(0)	A3*: R26*p(0)	A3*: R26*p(1)	A3*: R26*p(-1)	A4*: R27*s(0)	A4*: R28*s(0)	A4: R29*s(0)	A4*: R30*p(0)	A4*: R30*p(1)	A4*: R30*p(-1)	A5*: R31*s(0)	A5*: R32*s(0)	A5: R33*s(0)	A5*: R34*p(0)	A5*: R34*p(1)	A5*: R34*p(-1)	A6*: R35*s(0)	A6*: R36*s(0)	A6: R37*s(0)	A6*: R38*p(0)	A6*: R38*p(1)	A6*: R38*p(-1)	

16.684484410	-8.341722871	0.839469163	-0.333391198	0.006786022	-0.999319853	0.000010087	-0.000000588	-0.201386884	0.000001980	-0.000000051	-0.022229023	0.000000294	0.000000039	-0.999801450	0.000000751	-0.100675985	0.418231946	-0.000008292	-0.029522997	-0.000000361	-0.025896587	-0.286521378	0.000004954	-0.000000063	-0.075822253	0.000000317	-0.000000167	-0.012372033	-0.034222582	0.000000938	1.746548633	1.362761329	0.167447707	0.155188390	-0.002713961	-1.769787322	0.000015069	-0.000001091	-0.025097349	-0.000000265	-0.000000000	-0.127755363	0.000001037	-0.000000048	-0.465709561	0.000002019	0.044399202	1.385980233	-0.000026778	-0.439269251	0.000001731	0.031575694	1.172800105	-0.000022550	0.000000994	0.718236376	-0.000006019	-0.000001548	0.013230949	-0.786300455	0.000022737	0.319043751	0.406188210	0.119351654	0.181545363	0.270937730	-0.020646865	0.319031036	0.406197401	0.119351492	0.181539539	-0.270939094	0.020647143	0.135843371	0.111303460	0.021792895	-0.386334561	-0.003188406	0.000243864	0.135845474	0.111298403	0.021793653	-0.386336113	0.003192953	-0.000244161		A1*: R1*s(0)
-8.341722871	5.937133982	-0.961249833	0.217343194	-0.006986051	0.523670698	-0.000005214	0.000000412	0.178388021	-0.000001777	0.000000055	0.045412878	-0.000000661	0.000000094	0.039471553	-0.000000074	0.003900051	-0.017782429	0.000001046	0.319651856	0.000000134	0.055828507	0.174552891	-0.000002998	-0.000000049	0.064558247	-0.000000610	-0.000000970	-0.027839760	-0.379706509	0.000009886	1.362748031	-1.990154664	0.091190738	-0.146445391	0.016067191	0.888517846	-0.000007376	0.000000524	0.149587487	-0.000001225	0.000000110	0.085215925	-0.000001224	0.000000171	0.213598107	-0.000001594	-0.053876384	-1.072778371	0.000020542	0.154145593	-0.000000685	-0.015968624	-0.475245133	0.000009247	-0.000000642	-0.410166407	0.000003572	0.000001155	0.005048019	0.583275582	-0.000016841	-0.148177491	-0.256704824	-0.054659628	0.122090142	0.081734221	-0.006223384	-0.148169656	-0.256709104	-0.054659798	0.122088535	-0.081737636	0.006223715	-0.121781203	-0.121581752	0.015861692	0.194145132	-0.074278762	0.005658928	-0.121786044	-0.121577445	0.015862089	0.194147280	0.074276581	-0.005658788		A1*: R2*s(0)
0.839469163	-0.961249833	1.069403172	-0.115976040	0.009646423	-0.028222460	0.000000333	0.000000031	-0.064363940	0.000000559	0.000000000	-0.009613049	0.000000059	-0.000000013	-0.170970977	0.000000068	-0.018442624	0.055541714	-0.000000924	-0.169550667	0.000000110	-0.017285353	0.068479346	-0.000001317	-0.000000041	-0.023616177	0.000000140	-0.000000221	-0.009480545	-0.070838736	0.000002012	0.167443742	0.091195137	-0.208437464	0.054173846	-0.056215413	-0.297499706	0.000002888	-0.000000168	-0.085158585	0.000000859	-0.000000054	-0.086100711	0.000000978	-0.000000094	-0.040821694	0.000000183	0.004781194	0.133089598	-0.000002466	-0.045186370	0.000000297	0.010254375	0.212076323	-0.000003986	0.000000194	0.160585207	-0.000001287	-0.000000240	0.008119285	-0.120856585	0.000003681	0.031584830	0.144738191	0.034863144	0.059371306	0.162002614	-0.012343739	0.031580638	0.144739027	0.034863088	0.059368192	-0.162003319	0.012343889	0.009717353	0.113702041	-0.011173510	-0.090387775	0.012812722	-0.000976714	0.009721044	0.113701972	-0.011173597	-0.090388508	-0.012811501	0.000976659		A1*: R3*s(0)
-0.333391198	0.217343194	-0.115976040	-0.276663359	-0.847853422	0.026760607	-0.000000423	0.000000044	0.063799875	-0.000000685	0.000000047	0.066357725	-0.000000687	0.000000034	0.034345315	0.000000003	0.004245027	-0.003828163	-0.000000039	0.010215428	0.000000027	0.003745041	0.030892403	-0.000000541	-0.000000020	0.000666287	-0.000000035	-0.000000147	-0.004641394	-0.049895785	0.000001352	0.155189164	-0.146444446	0.054173803	-0.378076526	-0.317008719	0.050149293	-0.000000832	0.000000079	0.099831704	-0.000000863	0.000000075	0.417941995	-0.000004055	0.000000288	-0.012420017	-0.000000001	-0.003085475	-0.018664733	0.000000275	0.029095734	-0.000000129	-0.004773519	-0.112684422	0.000001755	-0.000000087	-0.028060934	0.000000350	0.000000065	-0.000067918	0.035550508	-0.000001170	0.036583108	-0.106376384	-0.349995898	-0.011729641	-0.029377820	0.002230535	0.036586114	-0.106375204	-0.349995687	-0.011729101	0.029378053	-0.002230542	0.007321785	-0.002418529	-0.060495883	0.002442274	-0.000058643	0.000005287	0.007321574	-0.002418892	-0.060496060	0.002442481	0.000057256	-0.000005386		A1: R4*s(0)
0.006786022	-0.006986051	0.009646423	-0.847853422	-10.124437594	-0.002420180	0.000000057	-0.000000004	-0.002532468	0.000000054	0.000000001	0.042864230	-0.000000519	-0.000000008	-0.009138577	0.000000000	-0.001133595	0.001019526	0.000000011	0.001206828	-0.000000005	0.000026755	-0.001745616	0.000000037	-0.000000005	-0.001169102	0.000000010	-0.000000016	-0.000630617	-0.005228325	0.000000141	-0.002714024	0.016067238	-0.056215405	-0.317008678	0.057890819	0.034684552	-0.000000254	0.000000016	-0.110577527	0.000001074	-0.000000082	0.545252760	-0.000005196	0.000000389	0.001973058	-0.000000004	0.000264145	0.000007534	0.000000021	-0.006196500	0.000000017	0.000320067	0.014892528	-0.000000230	0.000000020	0.007203930	-0.000000084	-0.000000011	0.000134570	-0.007884608	0.000000258	-0.069653874	0.044308360	-0.356657845	0.007993252	0.013118973	-0.000998809	-0.069655222	0.044306211	-0.356657523	0.007993012	-0.013119125	0.000998818	-0.004337910	-0.000255700	-0.022298619	-0.003385671	0.000719947	-0.000054969	-0.004337869	-0.000255549	-0.022298841	-0.003385703	-0.000719637	0.000054975		A1: R5*s(0)
-0.999319853	0.523670698	-0.028222460	0.026760607	-0.002420180	2.413462171	-0.000007019	0.000000581	-0.265303391	-0.000001032	0.000000100	-0.022364420	0.000000087	-0.000000001	-0.084545586	0.000000255	0.003912538	0.197820901	-0.000002943	-0.076828918	0.000001059	0.042617949	0.689008004	-0.000015372	-0.000000817	-0.744332295	0.000002662	-0.000000298	-0.073620562	0.176814996	-0.000002860	1.769796989	-0.888504032	0.297500340	-0.050148978	-0.034684816	0.736082221	-0.000006663	0.000000579	0.337303523	-0.000002408	0.000000208	-0.032072593	-0.000000027	0.000000023	-0.275499967	0.000000472	-0.014648799	0.286014069	-0.000005842	-0.023579553	-0.000000309	-0.011898560	-0.114362776	0.000003729	0.000000083	-0.061210528	0.000000369	-0.000000569	-0.036339702	-0.307917998	0.000006787	-0.294159384	0.003483735	-0.000634155	0.134079092	0.180516754	-0.013764135	-0.294152018	0.003474105	-0.000633801	0.134073920	-0.180514159	0.013764163	0.285135681	0.104343998	-0.007061941	-0.005688315	-0.005637094	0.000427915	0.285139986	0.104335133	-0.007061134	-0.005685663	0.005638512	-0.000428151		A1*: R6*p(0)
0.000010087	-0.000005214	0.000000333	-0.000000423	0.000000057	-0.000007019	1.656614647	-0.020834397	-0.000000805	-0.367966675	-0.010792751	0.000000097	-0.030010586	0.001674622	0.000000297	-0.006249887	0.000000322	-0.000000637	0.071119762	0.000000974	0.035427469	-0.000001092	-0.000011133	-0.273941259	0.060572974	0.000002851	-0.421937935	0.042904077	0.000000994	0.000005563	0.269475635	-0.000016737	0.000008640	-0.000002848	0.000000055	0.000000396	-0.000006370	0.057345372	-0.010279889	-0.000002291	0.090963978	-0.005375616	0.000000030	0.015205006	-0.000216115	0.000002495	0.003443235	-0.000000013	-0.000003684	-0.069876508	0.000000250	0.003220428	0.000000266	0.000004500	0.152330772	0.016979456	0.000000631	-0.030691381	0.006536402	0.000000077	-0.000002902	-0.203124327	-0.414773160	0.029213989	0.005114170	0.127376712	0.266347163	-0.028358358	0.414779129	-0.029201020	-0.005114753	-0.127374519	0.266353067	-0.028359013	-0.061819360	0.018853970	0.003594162	-0.085401312	0.044852761	-0.004460275	0.061813470	-0.018857955	-0.003595059	0.085401415	0.044851039	-0.004460054		A1*: R6*p(1)
-0.000000588	0.000000412	0.000000031	0.000000044	-0.000000004	0.000000581	-0.020834397	1.385361665	0.000000057	-0.010788729	-0.508942255	-0.000000012	0.001679761	-0.008173285	-0.000000099	-0.010153922	0.000000129	0.000000099	-0.006250785	0.000000271	0.188255345	-0.000001734	0.000001068	0.035427017	-0.253904863	0.000000245	0.011649131	0.214528681	-0.000004192	-0.000000166	-0.000278068	0.000001331	-0.000000706	0.000000266	0.000000051	-0.000000040	0.000000422	-0.010279822	-0.077219894	0.000000160	-0.005378990	0.020868258	0.000000052	-0.000226947	0.012441175	-0.000000250	-0.025065606	0.000000222	0.000000246	0.003427207	0.000000139	0.194389471	-0.000001893	-0.000000188	0.003212295	0.144034347	-0.000000462	0.003692028	-0.213991008	0.000003839	-0.000000264	-0.004445874	0.031617203	-0.002218532	-0.000388988	-0.009716475	-0.028352430	-0.103574055	-0.031617814	0.002217601	0.000389046	0.009716600	-0.028353100	-0.103573842	0.004714239	-0.001436560	-0.000269691	0.006510438	-0.004467831	-0.013328120	-0.004713762	0.001436897	0.000269884	-0.006510277	-0.004467754	-0.013328502		A1*: R6*p(-1)
-0.201386884	0.178388021	-0.064363940	0.063799875	-0.002532468	-0.265303391	-0.000000805	0.000000057	0.729772801	0.000002373	-0.000000159	0.126624353	-0.000000359	0.000000027	0.042062891	-0.000000043	0.001325463	-0.055805537	0.000000543	0.016327440	0.000000139	0.006979192	0.062854620	-0.000002459	-0.000000114	-0.132397731	0.000000167	-0.000000178	-0.018899921	-0.030529838	0.000001108	0.025102691	-0.149589697	0.085159213	-0.099831804	0.110577442	0.337305086	-0.000002531	0.000000207	0.023258176	-0.000002571	0.000000185	0.133108136	-0.000001934	0.000000162	-0.014543450	-0.000000211	-0.012594876	-0.139052959	0.000002590	0.150942926	-0.000000674	-0.011348878	-0.409490238	0.000008257	-0.000000202	-0.172357038	0.000001469	0.000000319	-0.011643360	0.098429858	-0.000004615	-0.064997411	0.093542027	0.046014852	0.148549826	0.150132565	-0.011439105	-0.064998901	0.093536463	0.046014087	0.148546203	-0.150129305	0.011439035	0.082346835	-0.044765832	0.012399504	0.025853960	-0.020127100	0.001535396	0.082344868	-0.044767837	0.012399945	0.025854447	0.020126737	-0.001535344		A1*: R7*p(0)
0.000001980	-0.000001777	0.000000559	-0.000000685	0.000000054	-0.000001032	-0.367966675	-0.010788729	0.000002373	1.032108050	-0.028107291	-0.000000446	0.080703293	0.000273205	-0.000000683	0.001313847	0.000000047	-0.000000435	-0.053173516	-0.000000293	0.006783224	-0.000000087	-0.000002776	-0.119752180	0.013504760	0.000000218	-0.095665223	0.011279507	0.000000243	0.000001434	0.044014544	-0.000000240	0.000001347	-0.000000893	0.000000790	-0.000001051	-0.000002168	0.090963422	-0.005379010	-0.000002483	-0.310264107	0.017258982	-0.000001754	-0.050821024	0.000084881	0.000000012	0.001845515	-0.000000014	0.000001178	-0.004090181	-0.000001552	0.001446709	-0.000000063	0.000004882	0.066639741	0.012626362	0.000001588	-0.019343753	0.006829642	-0.000000178	-0.000006109	-0.173952516	-0.043895858	0.193217064	0.040207356	0.054342055	0.320769532	-0.025353963	0.043902513	-0.193217317	-0.040208128	-0.054338825	0.320773143	-0.025354305	0.040600222	-0.023563709	-0.027932678	0.042923538	-0.007459970	-0.001628622	-0.040600878	0.023565387	0.027932407	-0.042924688	-0.007460093	-0.001628568		A1*: R7*p(1)
-0.000000051	0.000000055	0.000000000	0.000000047	0.000000001	0.000000100	-0.010792751	-0.508942255	-0.000000159	-0.028107291	0.665594398	0.000000033	0.000265873	0.083982231	-0.000000032	-0.036335935	0.000000318	0.000000004	0.001313156	-0.000000011	-0.031215654	0.000000282	0.000000158	0.006774614	-0.060204179	0.000000077	0.002064931	0.048052003	-0.000000943	-0.000000091	0.001196356	-0.000000016	-0.000000095	0.000000077	-0.000000047	0.000000078	0.000000158	-0.005375614	0.020867917	0.000000202	0.017259022	-0.085050945	0.000000147	0.000071496	-0.049936763	0.000000022	0.020050810	-0.000000171	-0.000000055	0.001855778	0.000000200	0.085388468	-0.000000787	-0.000000261	0.001444431	0.115178593	-0.000000466	0.004390257	-0.156146745	0.000002941	0.000000143	-0.001276236	0.003347483	-0.014730983	-0.003072500	-0.004143574	-0.025367011	-0.010055659	-0.003348002	0.014731129	0.003072604	0.004143508	-0.025367497	-0.010055481	-0.003093545	0.001796845	0.002131787	-0.003274627	-0.001635365	-0.028755076	0.003093573	-0.001796982	-0.002131749	0.003274749	-0.001635435	-0.028755149		A1*: R7*p(-1)
-0.022229023	0.045412878	-0.009613049	0.066357725	0.042864230	-0.022364420	0.000000097	-0.000000012	0.126624353	-0.000000446	0.000000033	-0.090696703	0.000000287	-0.000000002	-0.001125405	-0.000000016	-0.000530024	-0.005286623	0.000000300	-0.000096158	0.000000066	0.002259068	0.030033314	-0.000000621	0.000000034	0.048981627	-0.000000134	-0.000000025	0.004173699	-0.019124864	0.000000370	0.127756041	-0.085214771	0.086100697	-0.417941991	-0.545252721	-0.032072539	0.000000751	-0.000000060	0.133108127	-0.000001598	0.000000115	0.341278021	-0.000005061	0.000000389	-0.023186791	0.000000060	-0.000727396	0.030782024	-0.000000834	0.038256665	-0.000000171	-0.001494180	-0.085717469	0.000002189	-0.000000006	-0.016545377	0.000000088	0.000000061	0.000369204	0.025224698	-0.000000736	-0.047635367	0.079108604	0.228400722	-0.013845264	0.027879127	-0.002116296	-0.047636029	0.079104630	0.228394118	-0.013846296	-0.027878629	0.002116297	-0.002858545	-0.000756396	-0.087684779	0.002346408	0.004497271	-0.000341472	-0.002858247	-0.000756725	-0.087685657	0.002346406	-0.004496466	0.000341462		A1: R8*p(0)
0.000000294	-0.000000661	0.000000059	-0.000000687	-0.000000519	0.000000087	-0.030010586	0.001679761	-0.000000359	0.080703293	0.000265873	0.000000287	-0.064464976	-0.004155269	0.000000060	-0.000677313	0.000000057	0.000000286	0.009958460	0.000000117	0.000677935	-0.000000002	-0.000000568	-0.011990408	-0.002773326	-0.000000129	0.035460146	-0.004157116	-0.000000051	-0.000000406	-0.015631919	-0.000001654	0.000000516	-0.000000787	0.000004000	0.000005258	0.000000972	0.015205141	-0.000226940	-0.000001712	-0.050821058	0.000071520	-0.000005023	-0.195057059	-0.004064396	0.000000355	0.000900936	-0.000000051	-0.000000847	-0.037815340	-0.000000781	0.000875463	-0.000000066	0.000001400	0.032406829	-0.001239213	0.000000068	0.007118111	0.000385189	-0.000000158	-0.000001140	-0.015899446	-0.089915647	0.142099537	0.360888764	0.030492286	0.020703025	-0.003767188	0.089920671	-0.142098102	-0.360892732	-0.030491561	0.020703854	-0.003767344	-0.006509220	0.022596172	0.039119447	-0.000605070	-0.027432872	0.002427285	0.006508374	-0.022596565	-0.039117855	0.000605098	-0.027435307	0.002426960		A1: R8*p(1)
0.000000039	0.000000094	-0.000000013	0.000000034	-0.000000008	-0.000000001	0.001674622	-0.008173285	0.000000027	0.000273205	0.083982231	-0.000000002	-0.004155269	-0.118918565	0.000000002	0.000708650	-0.000000034	-0.000000031	-0.000681400	0.000000033	-0.002793955	0.000000048	0.000000075	0.000682452	0.051261429	-0.000000075	0.004809010	-0.017117646	0.000000343	-0.000000040	-0.000402990	0.000000175	-0.000000003	0.000000073	-0.000000340	-0.000000397	-0.000000142	-0.000216133	0.012441105	0.000000115	0.000084899	-0.049936783	0.000000381	-0.004064362	-0.247857202	-0.000000104	-0.026194086	0.000000258	0.000000003	0.000892515	0.000000153	0.043757980	-0.000000400	-0.000000057	0.000867099	0.001191637	0.000000028	-0.000703982	-0.003071007	0.000000111	0.000000156	0.000922069	0.006860297	-0.010835426	-0.027515723	-0.002332818	-0.003794448	-0.028633989	-0.006860850	0.010835471	0.027516274	0.002332881	-0.003794629	-0.028633876	0.000496818	-0.001723868	-0.002983894	0.000045464	0.002426823	0.004241289	-0.000496928	0.001723964	0.002983798	-0.000045340	0.002427352	0.004241438		A1: R8*p(-1)
-0.999801450	0.039471553	-0.170970977	0.034345315	-0.009138577	-0.084545586	0.000000297	-0.000000099	0.042062891	-0.000000683	-0.000000032	-0.001125405	0.000000060	0.000000002	2.946007148	0.000000044	0.039802907	-0.084443076	0.000001576	-0.938204848	-0.000000131	-0.005584110	-0.049430678	0.000001119	0.000000432	0.237340189	-0.000002226	0.000000309	0.023627489	-0.046490822	0.000001262	-0.465712062	0.213593945	-0.040821848	-0.012420077	0.001973065	0.275499778	-0.000002295	0.000000174	0.014542714	0.000000106	-0.000000040	0.023186703	-0.000000125	0.000000040	-0.013904752	0.000000117	0.002111669	-0.082350207	0.000001488	0.053598346	-0.000000526	-0.010359455	-0.279292400	0.000005257	-0.000000468	-0.164581747	0.000001376	0.000000771	0.001426522	0.126642878	-0.000004092	0.024207201	-0.083996885	-0.035913027	-0.071893819	-0.157402100	0.004712013	0.024209815	-0.083995793	-0.035912903	-0.071891146	0.157402872	-0.004712022	0.054395554	-0.060131848	-0.003675395	0.086168397	0.017633387	-0.011828356	0.054393530	-0.060133528	-0.003675559	0.086169195	-0.017634728	0.011828402		A1*: R9*d(0)
0.000000751	-0.000000074	0.000000068	0.000000003	0.000000000	0.000000255	-0.006249887	-0.010153922	-0.000000043	0.001313847	-0.036335935	-0.000000016	-0.000677313	0.000708650	0.000000044	2.777418468	-0.000001681	0.000000112	-0.023748772	-0.000000044	-0.986151997	0.000000580	0.000000270	0.003022136	-0.031782782	-0.000000123	0.005385686	0.124920146	-0.000002125	0.000000377	0.007197720	0.000002088	-0.000001600	0.000000200	-0.000000094	0.000000008	-0.000000394	-0.003443055	0.025065451	0.000000210	-0.001845400	-0.020050936	-0.000000133	-0.000900906	0.026194089	0.000000064	0.090654612	-0.000001591	-0.000000046	-0.004975128	-0.000000520	-0.122770461	0.000000823	0.000000492	-0.005332565	-0.200612148	0.000000980	-0.005245715	0.253039542	-0.000005627	-0.000000740	-0.002282420	-0.006806199	0.001200525	-0.003015491	-0.019971282	-0.005836878	0.020649915	0.006806225	-0.001200104	0.003015494	0.019971566	-0.005837107	0.020649111	-0.000805902	0.001991048	0.000353122	0.008827055	-0.006506473	0.020882979	0.000806240	-0.001991131	-0.000353226	-0.008827164	-0.006506575	0.020881298		A1*: R9*d(1)
-0.100675985	0.003900051	-0.018442624	0.004245027	-0.001133595	0.003912538	0.000000322	0.000000129	0.001325463	0.000000047	0.000000318	-0.000530024	0.000000057	-0.000000034	0.039802907	-0.000001681	2.604355700	0.024840186	0.000000206	-0.002113714	0.000000576	-0.924618357	0.001748324	-0.000000111	0.000000258	0.011910707	-0.000000115	-0.000000990	0.007833526	0.009649375	-0.000000255	0.044399941	-0.053876067	0.004781260	-0.003085431	0.000264141	0.014648658	-0.000000099	-0.000000229	0.012594843	-0.000000176	0.000000210	0.000727478	-0.000000074	-0.000000264	0.002111619	-0.000001549	-0.077143448	-0.001297866	0.000000181	-0.008813484	0.000000879	-0.031496796	-0.008963287	0.000000287	0.000001959	0.003325524	-0.000000147	-0.000003568	-0.071258520	-0.001727086	0.000000286	0.001801734	-0.006486207	-0.006209449	-0.002935296	-0.024683056	0.056662530	0.001801612	-0.006486199	-0.006209517	-0.002935515	0.024683450	-0.056663096	0.014755527	-0.007635866	0.000292673	0.012444733	0.009445436	0.078252310	0.014755031	-0.007636222	0.000292864	0.012445101	-0.009445171	-0.078252991		A1*: R9*d(-1)
0.418231946	-0.017782429	0.055541714	-0.003828163	0.001019526	0.197820901	-0.000000637	0.000000099	-0.055805537	-0.000000435	0.000000004	-0.005286623	0.000000286	-0.000000031	-0.084443076	0.000000112	0.024840186	3.067233067	-0.000000091	-0.004240807	0.000000256	0.007753034	-0.816126302	-0.000003776	-0.000000724	-0.246711414	0.000002982	0.000000013	-0.010252066	0.214166981	-0.000004902	1.385990636	-1.072766804	0.133089741	-0.018664906	0.000007558	-0.286013397	0.000003790	-0.000000289	0.139053873	-0.000001368	0.000000103	-0.030782222	0.000001106	-0.000000068	-0.082350228	0.000000033	-0.001297904	0.048457880	0.000001774	-0.259122709	0.000000485	-0.006283618	0.337090830	-0.000007335	0.000000434	0.215487059	-0.000002721	-0.000000817	0.000670991	-0.329447978	0.000015594	-0.018545502	0.061021770	-0.018567563	0.086295264	-0.104483281	0.003760772	-0.018550860	0.061021825	-0.018568807	0.086288022	0.104485236	-0.003760848	0.098331053	0.004592868	0.010200732	0.013092473	0.012731516	-0.007023509	0.098330154	0.004590705	0.010200819	0.013096596	-0.012728102	0.007023208		A1*: R9*d(2)
-0.000008292	0.000001046	-0.000000924	-0.000000039	0.000000011	-0.000002943	0.071119762	-0.006250785	0.000000543	-0.053173516	0.001313156	0.000000300	0.009958460	-0.000681400	0.000001576	-0.023748772	0.000000206	-0.000000091	3.087720328	0.000000156	0.003020911	-0.000000277	-0.000003669	-1.026000628	-0.011661296	0.000005043	0.048693813	-0.001922586	-0.000000028	-0.000002475	0.058962835	-0.000027153	0.000021282	-0.000002547	0.000000438	-0.000000001	0.000005645	0.069876616	-0.003427190	-0.000002869	0.004090042	-0.001855733	0.000000951	0.037815285	-0.000892612	0.000001599	-0.004975139	0.000000257	0.000001692	0.155601510	0.000005115	-0.005336118	0.000000197	-0.000007408	-0.053178436	-0.010707449	-0.000003834	-0.025855325	-0.009433619	0.000000537	0.000016284	0.338859146	0.089526771	-0.015848084	0.039451818	0.261841651	0.096565889	-0.005801140	-0.089527239	0.015843064	-0.039451416	-0.261842962	0.096566660	-0.005801340	0.010579766	-0.026144869	-0.004614418	-0.115802629	0.105773107	-0.006507623	-0.010584028	0.026145712	0.004614135	0.115804634	0.105771827	-0.006507608		A1*: R9*d(-2)
-0.029522997	0.319651856	-0.169550667	0.010215428	0.001206828	-0.076828918	0.000000974	0.000000271	0.016327440	-0.000000293	-0.000000011	-0.000096158	0.000000117	0.000000033	-0.938204848	-0.000000044	-0.002113714	-0.004240807	0.000000156	1.819548878	0.000000204	0.055943919	-0.117516447	0.000002282	-0.000000116	0.087072063	-0.000001145	-0.000000602	-0.025854610	-0.365943237	0.000009864	-0.439269914	0.154141337	-0.045186515	0.029095829	-0.006196492	0.023578951	-0.000000333	-0.000000303	-0.150943096	0.000001666	-0.000000255	-0.038256507	-0.000000001	-0.000000004	0.053598446	-0.000000469	-0.008813503	-0.259122682	0.000004824	-0.296144848	0.000000790	-0.018876676	-0.023746007	0.000000224	0.000000638	0.128046202	-0.000001408	-0.000000637	-0.009268011	-0.008517759	-0.000000271	-0.141891260	0.154789044	0.046113107	0.148457720	0.141302682	-0.040920694	-0.141895546	0.154784489	0.046113179	0.148455116	-0.141305575	0.040921597	0.008310832	-0.111030201	0.008237732	0.093542144	0.028754768	-0.005901518	0.008306767	-0.111030767	0.008238452	0.093542172	-0.028756137	0.005901505		A1*: R10*d(0)
-0.000000361	0.000000134	0.000000110	0.000000027	-0.000000005	0.000001059	0.035427469	0.188255345	0.000000139	0.006783224	-0.031215654	0.000000066	0.000677935	-0.002793955	-0.000000131	-0.986151997	0.000000576	0.000000256	0.003020911	0.000000204	1.723369466	-0.000003775	-0.000000055	-0.047132145	-0.149922650	0.000000029	-0.016179661	0.271876867	-0.000004878	0.000000321	0.007340566	0.000001763	-0.000000739	0.000000332	-0.000000230	0.000000033	0.000000266	-0.003220406	-0.194389645	0.000000609	-0.001446512	-0.085388115	0.000000073	-0.000875467	-0.043758000	-0.000000538	-0.122770779	0.000000892	0.000000509	-0.005336133	0.000000788	0.479577819	-0.000006185	-0.000000535	-0.003014872	0.243291802	-0.000000856	0.000827864	-0.352288532	0.000008381	0.000000426	0.001243685	-0.022078303	0.019884755	0.006367649	-0.008721211	0.034620548	0.118027197	0.022078676	-0.019883995	-0.006367537	0.008722481	0.034620553	0.118023238	0.000351876	0.005500993	-0.002000698	0.007414194	-0.004769765	0.005483753	-0.000351934	-0.005500744	0.002000537	-0.007414311	-0.004769630	0.005482914		A1*: R10*d(1)
-0.025896587	0.055828507	-0.017285353	0.003745041	0.000026755	0.042617949	-0.000001092	-0.000001734	0.006979192	-0.000000087	0.000000282	0.002259068	-0.000000002	0.000000048	-0.005584110	0.000000580	-0.924618357	0.007753034	-0.000000277	0.055943919	-0.000003775	1.340882309	0.043791845	0.000000627	0.000001345	-0.012833533	0.000000581	-0.000002382	0.010800405	-0.036977147	0.000001023	0.031576075	-0.015968503	0.010254495	-0.004773463	0.000320060	0.011898618	-0.000000165	0.000001846	0.011348852	-0.000000274	0.000000837	0.001494288	-0.000000184	0.000000426	-0.010359494	0.000000846	-0.031496692	-0.006283628	0.000000128	-0.018876771	-0.000006175	-0.170210558	-0.000575203	0.000000518	-0.000002224	0.005036260	0.000000103	0.000006854	0.180533001	-0.008808622	-0.000000275	-0.030280802	0.027620931	0.010453647	0.042262409	0.032599019	0.224688096	-0.030282726	0.027620880	0.010454018	0.042262206	-0.032601191	-0.224689995	0.003343402	-0.008289870	0.001173862	0.011514914	0.004207975	0.027631791	0.003342984	-0.008289714	0.001174019	0.011515106	-0.004207882	-0.027631733		A1*: R10*d(-1)
-0.286521378	0.174552891	0.068479346	0.030892403	-0.001745616	0.689008004	-0.000011133	0.000001068	0.062854620	-0.000002776	0.000000158	0.030033314	-0.000000568	0.000000075	-0.049430678	0.000000270	0.001748324	-0.816126302	-0.000003669	-0.117516447	-0.000000055	0.043791845	2.105008959	0.000003944	-0.000001613	-0.293598038	0.000007191	-0.000000751	-0.020803246	0.169971655	-0.000000674	1.172803668	-0.475235059	0.212076912	-0.112684406	0.014892521	0.114363865	-0.000003848	0.000000170	0.409489976	-0.000005091	0.000000379	0.085717449	-0.000001611	0.000000120	-0.279292403	0.000000506	-0.008963288	0.337090911	-0.000007340	-0.023746274	-0.000000435	-0.000575271	-0.133976470	0.000012643	0.000000326	0.129653079	-0.000000765	0.000000634	0.013222976	0.121051770	-0.000011762	-0.149054176	0.092094026	0.056297193	0.294056709	-0.049537518	-0.013632725	-0.149067202	0.092099048	0.056300014	0.294053372	0.049520308	0.013634344	0.029246220	0.084180869	0.001049346	-0.011803845	-0.023151396	-0.000380453	0.029248699	0.084183190	0.001048312	-0.011799812	0.023154370	0.000380278		A1*: R10*d(2)
0.000004954	-0.000002998	-0.000001317	-0.000000541	0.000000037	-0.000015372	-0.273941259	0.035427017	-0.000002459	-0.119752180	0.006774614	-0.000000621	-0.011990408	0.000682452	0.000001119	0.003022136	-0.000000111	-0.000003776	-1.026000628	0.000002282	-0.047132145	0.000000627	0.000003944	2.338623819	-0.061343767	0.000007924	0.261713194	-0.033413793	0.000000550	0.000003272	0.233977852	-0.000023112	0.000009439	-0.000004300	0.000002490	-0.000000346	-0.000003926	-0.152330981	-0.003212214	-0.000008561	-0.066639478	-0.001444308	-0.000001557	-0.032406691	-0.000867157	0.000005549	-0.005332599	0.000000164	-0.000007312	-0.053178715	0.000000608	-0.003014835	0.000000566	0.000012500	0.518817567	0.013009109	-0.000002053	0.030929122	0.011339772	-0.000001092	-0.000015004	-0.446909072	0.289600394	-0.260781732	-0.083412695	0.114546306	-0.333404286	0.034588650	-0.289603021	0.260769408	0.083410603	-0.114562616	-0.333404225	0.034588605	-0.004609321	-0.072189658	0.026235366	-0.097268946	0.067683997	-0.004769937	0.004610095	0.072187039	-0.026234648	0.097269894	0.067681299	-0.004769826		A1*: R10*d(-2)
-0.000000063	-0.000000049	-0.000000041	-0.000000020	-0.000000005	-0.000000817	0.060572974	-0.253904863	-0.000000114	0.013504760	-0.060204179	0.000000034	-0.002773326	0.051261429	0.000000432	-0.031782782	0.000000258	-0.000000724	-0.011661296	-0.000000116	-0.149922650	0.000001345	-0.000001613	-0.061343767	3.156182427	0.000000011	-0.036677599	-0.157134474	0.000003202	0.000000521	0.001488744	-0.000001288	0.000000748	-0.000000283	-0.000000077	0.000000008	-0.000000241	0.016979677	0.144034585	-0.000000343	0.012626470	0.115178260	-0.000000169	-0.001239186	0.001191686	0.000000561	0.200612259	-0.000001864	-0.000000252	0.010707486	-0.000000484	-0.243291733	0.000002338	-0.000000243	-0.013009188	-0.241763729	0.000000982	0.007547498	0.049756769	-0.000000827	0.000000666	0.004634221	-0.049981649	0.019766961	0.005753745	0.023032084	0.039388924	0.273192219	0.049983165	-0.019765975	-0.005753861	-0.023032026	0.039389690	0.273191610	-0.005478027	-0.000176628	0.001183101	-0.011961812	-0.004573538	-0.026923884	0.005477834	0.000176333	-0.001183381	0.011961977	-0.004573704	-0.026923764		A1*: R11*f(0)
-0.075822253	0.064558247	-0.023616177	0.000666287	-0.001169102	-0.744332295	0.000002851	0.000000245	-0.132397731	0.000000218	0.000000077	0.048981627	-0.000000129	-0.000000075	0.237340189	-0.000000123	0.011910707	-0.246711414	0.000005043	0.087072063	0.000000029	-0.012833533	-0.293598038	0.000007924	0.000000011	3.422341059	-0.000001735	0.000000405	0.028650164	0.046775799	-0.000001877	-0.718239608	0.410160051	-0.160585285	0.028060839	-0.007203923	-0.061211068	0.000000726	-0.000000583	-0.172356928	0.000001708	-0.000000499	-0.016545468	0.000000350	-0.000000070	0.164581840	-0.000000952	-0.003325464	-0.215486935	0.000003894	-0.128046113	0.000000851	-0.005036222	-0.129653092	0.000002041	0.000001043	0.242106601	-0.000004886	-0.000000307	0.001596147	0.270505657	-0.000007867	0.151764029	-0.095525226	-0.019029970	0.020419716	-0.048727132	0.043839460	0.151762001	-0.095518848	-0.019029408	0.020422540	0.048724818	-0.043838733	-0.036873256	-0.043550638	0.000632771	0.087979697	0.008661695	-0.005249381	-0.036875834	-0.043549746	0.000632821	0.087978811	-0.008662831	0.005249232		A1*: R11*f(1)
0.000000317	-0.000000610	0.000000140	-0.000000035	0.000000010	0.000002662	-0.421937935	0.011649131	0.000000167	-0.095665223	0.002064931	-0.000000134	0.035460146	0.004809010	-0.000002226	0.005385686	-0.000000115	0.000002982	0.048693813	-0.000001145	-0.016179661	0.000000581	0.000007191	0.261713194	-0.036677599	-0.000001735	3.238633932	-0.025091331	-0.000000024	-0.000002662	-0.089572230	0.000006248	-0.000003828	0.000001260	-0.000000105	0.000000042	0.000000350	-0.030691328	0.003692045	0.000001447	-0.019343751	0.004390270	0.000000337	0.007118213	-0.000703952	-0.000001436	0.005245724	0.000000042	0.000002522	0.025855111	0.000001426	-0.000827831	-0.000000221	0.000000375	-0.030929138	0.007547457	-0.000004834	-0.247520334	0.003934185	0.000000704	-0.000002596	0.000403271	0.263933080	-0.104191972	-0.030319669	-0.120497920	-0.092044303	0.085110546	-0.263938642	0.104185650	0.030319981	0.120495446	-0.092047216	0.085112840	0.028924881	0.000871806	-0.006332361	0.063696736	0.012597107	-0.009665896	-0.028924042	-0.000870049	0.006332661	-0.063698664	0.012598442	-0.009666147		A1*: R11*f(-1)
-0.000000167	-0.000000970	-0.000000221	-0.000000147	-0.000000016	-0.000000298	0.042904077	0.214528681	-0.000000178	0.011279507	0.048052003	-0.000000025	-0.004157116	-0.017117646	0.000000309	0.124920146	-0.000000990	0.000000013	-0.001922586	-0.000000602	0.271876867	-0.000002382	-0.000000751	-0.033413793	-0.157134474	0.000000405	-0.025091331	3.219934557	0.000000175	0.000001807	-0.019071136	0.000001206	-0.000001131	0.000000130	-0.000000138	0.000000026	-0.000000776	0.006536492	-0.213991334	0.000000194	0.006829720	-0.156146299	-0.000000030	0.000385202	-0.003071026	-0.000000617	-0.253039800	0.000003701	0.000000909	0.009433819	0.000000774	0.352288460	-0.000006798	-0.000000707	-0.011339756	0.049756711	-0.000000420	0.003934227	-0.293742743	0.000013899	0.000000397	-0.009316597	-0.028008615	0.015317682	0.002967259	0.039393367	0.012076359	0.209344160	0.028011851	-0.015317812	-0.002967608	-0.039394066	0.012078436	0.209355669	-0.002741245	-0.001634968	-0.001190490	0.006519140	-0.003326464	-0.028619898	0.002741321	0.001635246	0.001190355	-0.006518824	-0.003326039	-0.028621833		A1*: R11*f(2)
-0.012372033	-0.027839760	-0.009480545	-0.004641394	-0.000630617	-0.073620562	0.000000994	-0.000004192	-0.018899921	0.000000243	-0.000000943	0.004173699	-0.000000051	0.000000343	0.023627489	-0.000002125	0.007833526	-0.010252066	-0.000000028	-0.025854610	-0.000004878	0.010800405	-0.020803246	0.000000550	0.000003202	0.028650164	-0.000000024	0.000000175	3.232802591	0.081660231	-0.000001416	-0.013231139	-0.005048157	-0.008119394	0.000067812	-0.000134557	-0.036339935	0.000000149	0.000003856	-0.011643346	-0.000000116	0.000002919	0.000369028	0.000000185	0.000000072	-0.001426397	0.000005533	0.071258717	-0.000670807	-0.000000715	0.009268152	-0.000008416	-0.180532908	-0.013222991	0.000000980	-0.000000764	0.001596129	0.000000670	0.000014012	0.440478565	0.020563091	-0.000000961	0.059368482	-0.022820016	-0.007115940	-0.001184471	-0.037762941	-0.328246352	0.059369338	-0.022818203	-0.007116037	-0.001182588	0.037763573	0.328238489	-0.002273103	0.003084730	0.001032555	0.010171335	-0.005715989	0.038295968	-0.002273107	0.003084615	0.001032091	0.010171955	0.005715877	-0.038294408		A1*: R11*f(-2)
-0.034222582	-0.379706509	-0.070838736	-0.049895785	-0.005228325	0.176814996	0.000005563	-0.000000166	-0.030529838	0.000001434	-0.000000091	-0.019124864	-0.000000406	-0.000000040	-0.046490822	0.000000377	0.009649375	0.214166981	-0.000002475	-0.365943237	0.000000321	-0.036977147	0.169971655	0.000003272	0.000000521	0.046775799	-0.000002662	0.000001807	0.081660231	4.032256893	-0.000013604	0.786304831	-0.583268138	0.120856442	-0.035550574	0.007884608	-0.307917618	-0.000002938	-0.000000016	0.098430478	-0.000006103	0.000000238	0.025224469	-0.000000365	-0.000000046	-0.126642798	0.000000705	0.001727311	0.329448124	-0.000016164	0.008517955	-0.000000328	0.008808607	-0.121051886	0.000015274	0.000000503	0.270505606	-0.000002755	0.000000287	0.020562979	0.308534039	-0.000014157	0.436195312	-0.119626400	-0.050972395	-0.038837838	-0.065561158	0.036066221	0.436201284	-0.119611993	-0.050973082	-0.038823094	0.065571047	-0.036066660	0.023382440	0.089041134	0.010149451	-0.005209266	-0.103352657	0.004320494	0.023385814	0.089039601	0.010147547	-0.005199608	0.103352197	-0.004320514		A1*: R11*f(3)
0.000000938	0.000009886	0.000002012	0.000001352	0.000000141	-0.000002860	0.269475635	-0.000278068	0.000001108	0.044014544	0.001196356	0.000000370	-0.015631919	-0.000402990	0.000001262	0.007197720	-0.000000255	-0.000004902	0.058962835	0.000009864	0.007340566	0.000001023	-0.000000674	0.233977852	0.001488744	-0.000001877	-0.089572230	-0.019071136	-0.000001416	-0.000013604	3.533606688	-0.000022668	0.000017066	-0.000003589	0.000000914	-0.000000204	0.000006674	-0.203124436	-0.004445962	-0.000004583	-0.173952087	-0.001276252	-0.000000982	-0.015899433	0.000922119	0.000004147	0.002282542	-0.000000326	-0.000015545	-0.338859371	0.000000185	-0.001243648	0.000000331	0.000012099	0.446908862	0.004634262	-0.000007741	0.000403101	-0.009316580	-0.000000962	-0.000014168	-0.194976739	-0.046537291	-0.026953510	0.008073823	-0.262028252	0.170769182	0.006929260	0.046512858	0.026960991	-0.008071066	0.262032746	0.170760856	0.006930974	-0.008581039	0.016270341	0.020937532	-0.152623886	-0.005393631	-0.002321374	0.008579285	-0.016275346	-0.020938423	0.152623492	-0.005401655	-0.002320875		A1*: R11*f(-3)
1.746548633	1.362748031	0.167443742	0.155189164	-0.002714024	1.769796989	-0.000016737	0.000001331	0.025102691	-0.000000240	-0.000000016	0.127756041	-0.000001654	0.000000175	-0.465712062	0.000002088	0.044399941	1.385990636	-0.000027153	-0.439269914	0.000001763	0.031576075	1.172803668	-0.000023112	-0.000001288	-0.718239608	0.000006248	0.000001206	-0.013231139	0.786304831	-0.000022668	16.684629311	-8.341629883	0.839481391	-0.333392625	0.006786053	0.999326683	-0.000010390	0.000000979	0.201386408	-0.000002445	0.000000290	0.022229253	-0.000000278	0.000000101	-0.999801805	0.000000563	-0.100675543	0.418232491	-0.000008963	-0.029526278	-0.000000401	-0.025897041	-0.286523207	0.000005049	0.000000131	0.075822789	-0.000000738	0.000000106	0.012371790	0.034218901	-0.000000624	0.135847862	0.111299842	0.021793337	0.386336685	0.003187914	-0.000243759	0.135844143	0.111303386	0.021792803	0.386336830	-0.003193387	0.000244237	0.319031491	0.406201283	0.119351905	-0.181543171	-0.270935412	0.020646801	0.319043581	0.406190719	0.119351912	-0.181539026	0.270937942	-0.020646807		A2*: R12*s(0)
1.362761329	-1.990154664	0.091195137	-0.146444446	0.016067238	-0.888504032	0.000008640	-0.000000706	-0.149589697	0.000001347	-0.000000095	-0.085214771	0.000000516	-0.000000003	0.213593945	-0.000001600	-0.053876067	-1.072766804	0.000021282	0.154141337	-0.000000739	-0.015968503	-0.475235059	0.000009439	0.000000748	0.410160051	-0.000003828	-0.000001131	-0.005048157	-0.583268138	0.000017066	-8.341629883	5.936996169	-0.961244032	0.217340477	-0.006986007	-0.523664258	0.000005241	-0.000000372	-0.178385278	0.000002087	-0.000000236	-0.045412723	0.000000351	-0.000000026	0.039462542	-0.000000122	0.003899276	-0.017777234	0.000001543	0.319651421	0.000000331	0.055827990	0.174550977	-0.000003034	-0.000000345	-0.064556989	0.000000979	0.000000679	0.027839621	0.379705896	-0.000009645	-0.121784660	-0.121576402	0.015862509	-0.194142035	0.074279140	-0.005658934	-0.121780959	-0.121579758	0.015861924	-0.194143679	-0.074276100	0.005658675	-0.148166074	-0.256706859	-0.054658751	-0.122092464	-0.081737174	0.006223660	-0.148173516	-0.256701301	-0.054658580	-0.122090045	0.081740012	-0.006223803		A2*: R13*s(0)
0.167447707	0.091190738	-0.208437464	0.054173803	-0.056215405	0.297500340	-0.000002848	0.000000266	0.085159213	-0.000000893	0.000000077	0.086100697	-0.000000787	0.000000073	-0.040821848	0.000000200	0.004781260	0.133089741	-0.000002547	-0.045186515	0.000000332	0.010254495	0.212076912	-0.000004300	-0.000000283	-0.160585285	0.000001260	0.000000130	-0.008119394	0.120856442	-0.000003589	0.839481391	-0.961244032	1.069402216	-0.115976022	0.009646415	0.028223133	-0.000000436	0.000000087	0.064363681	-0.000000852	0.000000111	0.009613015	-0.000000116	0.000000035	-0.170971763	0.000000072	-0.018442663	0.055542031	-0.000001039	-0.169550398	0.000000090	-0.017285262	0.068479158	-0.000001268	0.000000036	0.023616130	-0.000000273	0.000000200	0.009480553	0.070839210	-0.000001922	0.009721080	0.113701954	-0.011173589	0.090387944	-0.012812668	0.000976769	0.009717887	0.113702033	-0.011173456	0.090388384	0.012811319	-0.000976637	0.031580536	0.144739359	0.034862964	-0.059371402	-0.162002684	0.012343843	0.031584343	0.144738209	0.034863254	-0.059368831	0.162003571	-0.012343766		A2*: R14*s(0)
0.155188390	-0.146445391	0.054173846	-0.378076526	-0.317008678	-0.050148978	0.000000055	0.000000051	-0.099831804	0.000000790	-0.000000047	-0.417941991	0.000004000	-0.000000340	-0.012420077	-0.000000094	-0.003085431	-0.018664906	0.000000438	0.029095829	-0.000000230	-0.004773463	-0.112684406	0.000002490	-0.000000077	0.028060839	-0.000000105	-0.000000138	0.000067812	-0.035550574	0.000000914	-0.333392625	0.217340477	-0.115976022	-0.276663407	-0.847853313	-0.026760776	0.000000148	0.000000020	-0.063799807	0.000000622	-0.000000051	-0.066357737	0.000000672	-0.000000087	0.034345334	-0.000000012	0.004244976	-0.003828179	0.000000262	0.010215427	0.000000029	0.003745024	0.030892464	-0.000000432	-0.000000015	-0.000666263	-0.000000006	0.000000121	0.004641350	0.049895702	-0.000001278	0.007321578	-0.002418827	-0.060495834	-0.002442673	0.000057758	-0.000005395	0.007321799	-0.002418559	-0.060496038	-0.002442431	-0.000059242	0.000004716	0.036586493	-0.106375171	-0.349995673	0.011729630	0.029377948	-0.002230531	0.036583273	-0.106376100	-0.349995697	0.011729128	-0.029377904	0.002230519		A2: R15*s(0)
-0.002713961	0.016067191	-0.056215413	-0.317008719	0.057890819	-0.034684816	0.000000396	-0.000000040	0.110577442	-0.000001051	0.000000078	-0.545252721	0.000005258	-0.000000397	0.001973065	0.000000008	0.000264141	0.000007558	-0.000000001	-0.006196492	0.000000033	0.000320060	0.014892521	-0.000000346	0.000000008	-0.007203923	0.000000042	0.000000026	-0.000134557	0.007884608	-0.000000204	0.006786053	-0.006986007	0.009646415	-0.847853313	-10.124437645	0.002420200	0.000000011	-0.000000005	0.002532458	-0.000000024	0.000000009	-0.042864217	0.000000478	-0.000000072	-0.009138583	0.000000001	-0.001133587	0.001019537	-0.000000045	0.001206813	0.000000000	0.000026750	-0.001745625	0.000000019	-0.000000002	0.001169096	0.000000003	0.000000010	0.000630611	0.005228322	-0.000000145	-0.004337874	-0.000255547	-0.022298694	0.003385729	-0.000719756	0.000054984	-0.004337898	-0.000255678	-0.022298758	0.003385694	0.000719927	-0.000054880	-0.069655392	0.044305923	-0.356657557	-0.007993247	-0.013118972	0.000998819	-0.069653943	0.044308179	-0.356657558	-0.007993030	0.013119078	-0.000998812		A2: R16*s(0)
-1.769787322	0.888517846	-0.297499706	0.050149293	0.034684552	0.736082221	-0.000006370	0.000000422	0.337305086	-0.000002168	0.000000158	-0.032072539	0.000000972	-0.000000142	0.275499778	-0.000000394	0.014648658	-0.286013397	0.000005645	0.023578951	0.000000266	0.011898618	0.114363865	-0.000003926	-0.000000241	-0.061211068	0.000000350	-0.000000776	-0.036339935	-0.307917618	0.000006674	0.999326683	-0.523664258	0.028223133	-0.026760776	0.002420200	2.413460984	-0.000007192	0.000000496	-0.265306915	-0.000001121	0.000000070	-0.022364071	-0.000000246	-0.000000025	0.084545270	-0.000000196	-0.003912603	-0.197819988	0.000002819	0.076828879	-0.000001237	-0.042617666	-0.689007821	0.000014816	-0.000000217	-0.744332594	0.000002776	0.000000197	-0.073620217	0.176814761	-0.000003194	-0.285139450	-0.104334368	0.007061095	-0.005688405	-0.005637215	0.000427949	-0.285137224	-0.104342674	0.007062049	-0.005685775	0.005638484	-0.000427948	0.294159453	-0.003473455	0.000633643	0.134079310	0.180517266	-0.013764284	0.294152537	-0.003482565	0.000634114	0.134074747	-0.180514318	0.013763826		A2*: R17*p(0)
0.000015069	-0.000007376	0.000002888	-0.000000832	-0.000000254	-0.000006663	0.057345372	-0.010279822	-0.000002531	0.090963422	-0.005375614	0.000000751	0.015205141	-0.000216133	-0.000002295	-0.003443055	-0.000000099	0.000003790	0.069876616	-0.000000333	-0.003220406	-0.000000165	-0.000003848	-0.152330981	0.016979677	0.000000726	-0.030691328	0.006536492	0.000000149	-0.000002938	-0.203124436	-0.000010390	0.000005241	-0.000000436	0.000000148	0.000000011	-0.000007192	1.656612903	-0.020834305	-0.000001319	-0.367968120	-0.010792715	-0.000000237	-0.030010474	0.001674649	-0.000000268	0.006249727	0.000000290	0.000000181	-0.071119696	-0.000000618	-0.035427224	0.000000613	0.000010081	0.273941355	0.060572734	0.000003050	-0.421938214	0.042903738	0.000000213	0.000006313	0.269476232	0.061818581	-0.018856375	-0.003595357	-0.085401316	0.044852743	-0.004460193	-0.061814124	0.018855941	0.003594152	0.085401573	0.044851302	-0.004460193	0.414773558	-0.029199534	-0.005114917	0.127377147	0.266348213	-0.028358508	-0.414778702	0.029213275	0.005114381	-0.127374719	0.266353489	-0.028358666		A2*: R17*p(1)
-0.000001091	0.000000524	-0.000000168	0.000000079	0.000000016	0.000000579	-0.010279889	-0.077219894	0.000000207	-0.005379010	0.020867917	-0.000000060	-0.000226940	0.012441105	0.000000174	0.025065451	-0.000000229	-0.000000289	-0.003427190	-0.000000303	-0.194389645	0.000001846	0.000000170	-0.003212214	0.144034585	-0.000000583	0.003692045	-0.213991334	0.000003856	-0.000000016	-0.004445962	0.000000979	-0.000000372	0.000000087	0.000000020	-0.000000005	0.000000496	-0.020834305	1.385359594	0.000000103	-0.010788672	-0.508943736	0.000000043	0.001679754	-0.008173038	-0.000000030	0.010154105	-0.000000112	0.000000045	0.006250788	-0.000000105	-0.188255369	0.000001893	-0.000000836	-0.035426772	-0.253904899	0.000000292	0.011649103	0.214528997	-0.000004032	0.000000026	-0.000278147	-0.004714140	0.001436742	0.000269838	0.006510365	-0.004467934	-0.013328172	0.004713831	-0.001436680	-0.000269703	-0.006510528	-0.004467827	-0.013328408	-0.031617218	0.002217484	0.000389062	-0.009716738	-0.028352580	-0.103574080	0.031617455	-0.002218471	-0.000388974	0.009716270	-0.028352695	-0.103573749		A2*: R17*p(-1)
-0.025097349	0.149587487	-0.085158585	0.099831704	-0.110577527	0.337303523	-0.000002291	0.000000160	0.023258176	-0.000002483	0.000000202	0.133108127	-0.000001712	0.000000115	0.014542714	0.000000210	0.012594843	0.139053873	-0.000002869	-0.150943096	0.000000609	0.011348852	0.409489976	-0.000008561	-0.000000343	-0.172356928	0.000001447	0.000000194	-0.011643346	0.098430478	-0.000004583	0.201386408	-0.178385278	0.064363681	-0.063799807	0.002532458	-0.265306915	-0.000001319	0.000000103	0.729773904	0.000002191	-0.000000194	0.126624366	-0.000000503	0.000000037	-0.042063030	0.000000056	-0.001325487	0.055806062	-0.000000685	-0.016327400	-0.000000224	-0.006979042	-0.062852962	0.000002267	0.000000037	-0.132396162	0.000000271	-0.000000054	-0.018899628	-0.030530115	0.000000901	-0.082345023	0.044768953	-0.012399687	0.025853875	-0.020127236	0.001535343	-0.082345364	0.044765780	-0.012399834	0.025854174	0.020126566	-0.001535298	0.064999242	-0.093539541	-0.046014849	0.148549627	0.150131976	-0.011439120	0.064996323	-0.093538434	-0.046014021	0.148545993	-0.150129073	0.011438741		A2*: R18*p(0)
-0.000000265	-0.000001225	0.000000859	-0.000000863	0.000001074	-0.000002408	0.090963978	-0.005378990	-0.000002571	-0.310264107	0.017259022	-0.000001598	-0.050821058	0.000084899	0.000000106	-0.001845400	-0.000000176	-0.000001368	0.004090042	0.000001666	-0.001446512	-0.000000274	-0.000005091	-0.066639478	0.012626470	0.000001708	-0.019343751	0.006829720	-0.000000116	-0.000006103	-0.173952087	-0.000002445	0.000002087	-0.000000852	0.000000622	-0.000000024	-0.000001121	-0.367968120	-0.010788672	0.000002191	1.032109273	-0.028107118	-0.000000477	0.080703290	0.000273207	0.000000675	-0.001313943	0.000000266	0.000000544	0.053173640	0.000000326	-0.006783195	0.000000385	0.000002834	0.119751504	0.013504570	0.000000336	-0.095664339	0.011279343	-0.000000021	0.000001732	0.044014078	-0.040599783	0.023564957	0.027932567	0.042923539	-0.007460300	-0.001628589	0.040601604	-0.023564565	-0.027932505	-0.042924699	-0.007459658	-0.001628640	0.043900696	-0.193215228	-0.040207379	0.054341680	0.320769057	-0.025353887	-0.043897018	0.193218664	0.040208072	-0.054338785	0.320772295	-0.025353995		A2*: R18*p(1)
-0.000000000	0.000000110	-0.000000054	0.000000075	-0.000000082	0.000000208	-0.005375616	0.020868258	0.000000185	0.017258982	-0.085050945	0.000000115	0.000071520	-0.049936783	-0.000000040	-0.020050936	0.000000210	0.000000103	-0.001855733	-0.000000255	-0.085388115	0.000000837	0.000000379	-0.001444308	0.115178260	-0.000000499	0.004390270	-0.156146299	0.000002919	0.000000238	-0.001276252	0.000000290	-0.000000236	0.000000111	-0.000000051	0.000000009	0.000000070	-0.010792715	-0.508943736	-0.000000194	-0.028107118	0.665596442	0.000000038	0.000265866	0.083982206	-0.000000048	0.036335873	-0.000000362	-0.000000027	-0.001313172	0.000000019	0.031216032	-0.000000301	-0.000000229	-0.006774501	-0.060203619	0.000000109	0.002064891	0.048051602	-0.000000913	0.000000029	0.001196335	0.003093489	-0.001796963	-0.002131759	-0.003274635	-0.001635438	-0.028755012	-0.003093649	0.001796926	0.002131762	0.003274673	-0.001635488	-0.028755117	-0.003347840	0.014730882	0.003072524	-0.004143667	-0.025367029	-0.010055359	0.003347556	-0.014731017	-0.003072529	0.004143283	-0.025367033	-0.010055283		A2*: R18*p(-1)
-0.127755363	0.085215925	-0.086100711	0.417941995	0.545252760	-0.032072593	0.000000030	0.000000052	0.133108136	-0.000001754	0.000000147	0.341278021	-0.000005023	0.000000381	0.023186703	-0.000000133	0.000727478	-0.030782222	0.000000951	-0.038256507	0.000000073	0.001494288	0.085717449	-0.000001557	-0.000000169	-0.016545468	0.000000337	-0.000000030	0.000369028	0.025224469	-0.000000982	0.022229253	-0.045412723	0.009613015	-0.066357737	-0.042864217	-0.022364071	-0.000000237	0.000000043	0.126624366	-0.000000477	0.000000038	-0.090696660	0.000000213	-0.000000036	0.001125422	0.000000011	0.000529960	0.005286632	-0.000000095	0.000096150	-0.000000049	-0.002259063	-0.030033303	0.000000605	0.000000032	0.048981569	-0.000000145	0.000000013	0.004173642	-0.019124944	0.000000423	0.002858377	0.000756281	0.087684892	0.002345988	0.004496626	-0.000341396	0.002858369	0.000756875	0.087685593	0.002346232	-0.004498603	0.000340738	0.047637887	-0.079106974	-0.228400559	-0.013845264	0.027879215	-0.002116223	0.047634021	-0.079106126	-0.228394430	-0.013846266	-0.027878732	0.002116218		A2: R19*p(0)
0.000001037	-0.000001224	0.000000978	-0.000004055	-0.000005196	-0.000000027	0.015205006	-0.000226947	-0.000001934	-0.050821024	0.000071496	-0.000005061	-0.195057059	-0.004064362	-0.000000125	-0.000900906	-0.000000074	0.000001106	0.037815285	-0.000000001	-0.000875467	-0.000000184	-0.000001611	-0.032406691	-0.001239186	0.000000350	0.007118213	0.000385202	0.000000185	-0.000000365	-0.015899433	-0.000000278	0.000000351	-0.000000116	0.000000672	0.000000478	-0.000000246	-0.030010474	0.001679754	-0.000000503	0.080703290	0.000265866	0.000000213	-0.064465038	-0.004155242	0.000000081	0.000677309	0.000000082	-0.000000146	-0.009958510	0.000000119	-0.000677925	0.000000045	0.000000390	0.011990319	-0.002773306	-0.000000144	0.035460158	-0.004157089	-0.000000006	-0.000000214	-0.015631931	0.006508202	-0.022596578	-0.039119393	-0.000605951	-0.027435470	0.002426832	-0.006509204	0.022596222	0.039117903	0.000604681	-0.027433182	0.002427864	0.089920381	-0.142096386	-0.360888627	0.030492121	0.020702751	-0.003767228	-0.089916727	0.142100510	0.360892573	-0.030491726	0.020704010	-0.003767223		A2: R19*p(1)
-0.000000048	0.000000171	-0.000000094	0.000000288	0.000000389	0.000000023	-0.000216115	0.012441175	0.000000162	0.000084881	-0.049936763	0.000000389	-0.004064396	-0.247857202	0.000000040	0.026194089	-0.000000264	-0.000000068	-0.000892612	-0.000000004	-0.043758000	0.000000426	0.000000120	-0.000867157	0.001191686	-0.000000070	-0.000703952	-0.003071026	0.000000072	-0.000000046	0.000922119	0.000000101	-0.000000026	0.000000035	-0.000000087	-0.000000072	-0.000000025	0.001674649	-0.008173038	0.000000037	0.000273207	0.083982206	-0.000000036	-0.004155242	-0.118918567	-0.000000054	-0.000708620	0.000000012	-0.000000022	0.000681296	0.000000035	0.002793927	-0.000000025	0.000000014	-0.000682453	0.051261390	0.000000020	0.004808943	-0.017117642	0.000000396	0.000000047	-0.000403011	-0.000496833	0.001723960	0.002983909	0.000045390	0.002427392	0.004241409	0.000496816	-0.001723875	-0.002983787	-0.000045140	0.002427107	0.004241503	-0.006860787	0.010835272	0.027515815	-0.002332721	-0.003794678	-0.028634012	0.006860263	-0.010835427	-0.027515854	0.002332754	-0.003794524	-0.028633985		A2: R19*p(-1)
-0.465709561	0.213598107	-0.040821694	-0.012420017	0.001973058	-0.275499967	0.000002495	-0.000000250	-0.014543450	0.000000012	0.000000022	-0.023186791	0.000000355	-0.000000104	-0.013904752	0.000000064	0.002111619	-0.082350228	0.000001599	0.053598446	-0.000000538	-0.010359494	-0.279292403	0.000005549	0.000000561	0.164581840	-0.000001436	-0.000000617	-0.001426397	-0.126642798	0.000004147	-0.999801805	0.039462542	-0.170971763	0.034345334	-0.009138583	0.084545270	-0.000000268	-0.000000030	-0.042063030	0.000000675	-0.000000048	0.001125422	0.000000081	-0.000000054	2.946008322	0.000000128	0.039802709	-0.084443236	0.000001978	-0.938204283	-0.000000223	-0.005584042	-0.049430485	0.000001301	-0.000000313	-0.237340091	0.000002250	-0.000000233	-0.023627424	0.046490623	-0.000001406	0.054393623	-0.060133891	-0.003675562	-0.086168462	-0.017633384	0.011828279	0.054395245	-0.060131823	-0.003675356	-0.086168799	0.017634784	-0.011828595	0.024210364	-0.083996174	-0.035912890	0.071893670	0.157401998	-0.004712012	0.024207449	-0.083996501	-0.035913013	0.071891918	-0.157403141	0.004712060		A2*: R20*d(0)
0.000002019	-0.000001594	0.000000183	-0.000000001	-0.000000004	0.000000472	0.003443235	-0.025065606	-0.000000211	0.001845515	0.020050810	0.000000060	0.000900936	-0.026194086	0.000000117	0.090654612	-0.000001549	0.000000033	-0.004975139	-0.000000469	-0.122770779	0.000000846	0.000000506	-0.005332599	0.200612259	-0.000000952	0.005245724	-0.253039800	0.000005533	0.000000705	0.002282542	0.000000563	-0.000000122	0.000000072	-0.000000012	0.000000001	-0.000000196	0.006249727	0.010154105	0.000000056	-0.001313943	0.036335873	0.000000011	0.000677309	-0.000708620	0.000000128	2.777419667	-0.000001625	0.000000152	-0.023748777	-0.000000152	-0.986151533	0.000000581	0.000000184	0.003022112	0.031782577	0.000000123	-0.005385674	-0.124919903	0.000002113	-0.000000414	-0.007197633	-0.000805849	0.001991158	0.000353189	-0.008827052	0.006506583	-0.020882942	0.000806244	-0.001991097	-0.000353108	0.008827273	0.006506600	-0.020881357	-0.006806178	0.001200276	-0.003015528	0.019971376	0.005836909	-0.020649910	0.006806159	-0.001200363	0.003015433	-0.019971289	0.005837002	-0.020649039		A2*: R20*d(1)
0.044399202	-0.053876384	0.004781194	-0.003085475	0.000264145	-0.014648799	-0.000000013	0.000000222	-0.012594876	-0.000000014	-0.000000171	-0.000727396	-0.000000051	0.000000258	0.002111669	-0.000001591	-0.077143448	-0.001297904	0.000000257	-0.008813503	0.000000892	-0.031496692	-0.008963288	0.000000164	-0.000001864	-0.003325464	0.000000042	0.000003701	0.071258717	0.001727311	-0.000000326	-0.100675543	0.003899276	-0.018442663	0.004244976	-0.001133587	-0.003912603	0.000000290	-0.000000112	-0.001325487	0.000000266	-0.000000362	0.000529960	0.000000082	0.000000012	0.039802709	-0.000001625	2.604356698	0.024840035	-0.000000005	-0.002113620	0.000000590	-0.924617711	0.001748272	-0.000000011	-0.000000435	-0.011910678	0.000000127	0.000000792	-0.007833449	-0.009649223	0.000000320	0.014755150	-0.007636418	0.000292730	-0.012444684	-0.009445327	-0.078252373	0.014755485	-0.007635871	0.000292691	-0.012445132	0.009445450	0.078252800	0.001801876	-0.006486234	-0.006209377	0.002935235	0.024683018	-0.056662619	0.001801519	-0.006486065	-0.006209585	0.002935540	-0.024683157	0.056662720		A2*: R20*d(-1)
1.385980233	-1.072778371	0.133089598	-0.018664733	0.000007534	0.286014069	-0.000003684	0.000000246	-0.139052959	0.000001178	-0.000000055	0.030782024	-0.000000847	0.000000003	-0.082350207	-0.000000046	-0.001297866	0.048457880	0.000001692	-0.259122682	0.000000509	-0.006283628	0.337090911	-0.000007312	-0.000000252	-0.215486935	0.000002522	0.000000909	-0.000670807	0.329448124	-0.000015545	0.418232491	-0.017777234	0.055542031	-0.003828179	0.001019537	-0.197819988	0.000000181	0.000000045	0.055806062	0.000000544	-0.000000027	0.005286632	-0.000000146	-0.000000022	-0.084443236	0.000000152	0.024840035	3.067234055	0.000000060	-0.004240577	0.000000201	0.007752971	-0.816126107	-0.000003467	0.000000415	0.246711155	-0.000002708	-0.000000361	0.010251999	-0.214166553	0.000004898	0.098330872	0.004589499	0.010200697	-0.013092303	-0.012731587	0.007023509	0.098330321	0.004593350	0.010201097	-0.013096670	0.012727904	-0.007023359	-0.018548040	0.061021080	-0.018567423	-0.086295125	0.104483208	-0.003760716	-0.018548606	0.061022208	-0.018568873	-0.086288023	-0.104485211	0.003760884		A2*: R20*d(2)
-0.000026778	0.000020542	-0.000002466	0.000000275	0.000000021	-0.000005842	-0.069876508	0.003427207	0.000002590	-0.004090181	0.001855778	-0.000000834	-0.037815340	0.000892515	0.000001488	-0.004975128	0.000000181	0.000001774	0.155601510	0.000004824	-0.005336133	0.000000128	-0.000007340	-0.053178715	0.010707486	0.000003894	0.025855111	0.009433819	-0.000000715	-0.000016164	-0.338859371	-0.000008963	0.000001543	-0.000001039	0.000000262	-0.000000045	0.000002819	-0.071119696	0.006250788	-0.000000685	0.053173640	-0.001313172	-0.000000095	-0.009958510	0.000681296	0.000001978	-0.023748777	-0.000000005	0.000000060	3.087721640	0.000000344	0.003020878	-0.000000101	-0.000003485	-1.026000217	0.011661208	-0.000004959	-0.048694031	0.001922681	-0.000000430	0.000002520	-0.058962916	0.010578874	-0.026145529	-0.004614508	0.115802621	-0.105773161	0.006507632	-0.010584305	0.026144925	0.004613967	-0.115804473	-0.105771608	0.006507696	0.089527348	-0.015844901	0.039452028	-0.261841602	-0.096565741	0.005801167	-0.089527010	0.015845633	-0.039451238	0.261842744	-0.096567268	0.005801261		A2*: R20*d(-2)
-0.439269251	0.154145593	-0.045186370	0.029095734	-0.006196500	-0.023579553	0.000000250	0.000000139	0.150942926	-0.000001552	0.000000200	0.038256665	-0.000000781	0.000000153	0.053598346	-0.000000520	-0.008813484	-0.259122709	0.000005115	-0.296144848	0.000000788	-0.018876771	-0.023746274	0.000000608	-0.000000484	-0.128046113	0.000001426	0.000000774	0.009268152	0.008517955	0.000000185	-0.029526278	0.319651421	-0.169550398	0.010215427	0.001206813	0.076828879	-0.000000618	-0.000000105	-0.016327400	0.000000326	0.000000019	0.000096150	0.000000119	0.000000035	-0.938204283	-0.000000152	-0.002113620	-0.004240577	0.000000344	1.819547779	0.000000386	0.055943584	-0.117516877	0.000002728	-0.000000128	-0.087072213	0.000001136	0.000000366	0.025854400	0.365943104	-0.000009486	0.008306833	-0.111030963	0.008238381	-0.093542238	-0.028754796	0.005901489	0.008310245	-0.111030303	0.008237722	-0.093542070	0.028756508	-0.005901705	-0.141896325	0.154783463	0.046113280	-0.148457713	-0.141302825	0.040920847	-0.141891270	0.154788781	0.046112925	-0.148454793	0.141305323	-0.040920817		A2*: R21*d(0)
0.000001731	-0.000000685	0.000000297	-0.000000129	0.000000017	-0.000000309	0.003220428	0.194389471	-0.000000674	0.001446709	0.085388468	-0.000000171	0.000875463	0.043757980	-0.000000526	-0.122770461	0.000000879	0.000000485	-0.005336118	0.000000790	0.479577819	-0.000006175	-0.000000435	-0.003014835	-0.243291733	0.000000851	-0.000827831	0.352288460	-0.000008416	-0.000000328	-0.001243648	-0.000000401	0.000000331	0.000000090	0.000000029	0.000000000	-0.000001237	-0.035427224	-0.188255369	-0.000000224	-0.006783195	0.031216032	-0.000000049	-0.000677925	0.002793927	-0.000000223	-0.986151533	0.000000590	0.000000201	0.003020878	0.000000386	1.723368490	-0.000003595	0.000000036	-0.047131933	0.149922834	0.000000040	0.016179569	-0.271876955	0.000004986	-0.000000094	-0.007340505	0.000352056	0.005501020	-0.002000585	-0.007414286	0.004769791	-0.005483687	-0.000351788	-0.005500790	0.002000697	0.007414450	0.004769622	-0.005483057	-0.022079012	0.019884038	0.006367631	0.008721243	-0.034620645	-0.118027174	0.022077831	-0.019884351	-0.006367464	-0.008722350	-0.034620025	-0.118023445		A2*: R21*d(1)
0.031575694	-0.015968624	0.010254375	-0.004773519	0.000320067	-0.011898560	0.000000266	-0.000001893	-0.011348878	-0.000000063	-0.000000787	-0.001494180	-0.000000066	-0.000000400	-0.010359455	0.000000823	-0.031496796	-0.006283618	0.000000197	-0.018876676	-0.000006185	-0.170210558	-0.000575271	0.000000566	0.000002338	-0.005036222	-0.000000221	-0.000006798	-0.180532908	0.008808607	0.000000331	-0.025897041	0.055827990	-0.017285262	0.003745024	0.000026750	-0.042617666	0.000000613	0.000001893	-0.006979042	0.000000385	-0.000000301	-0.002259063	0.000000045	-0.000000025	-0.005584042	0.000000581	-0.924617711	0.007752971	-0.000000101	0.055943584	-0.000003595	1.340881074	0.043791491	0.000000046	-0.000001678	0.012833433	-0.000000235	0.000002122	-0.010800656	0.036976874	-0.000001018	0.003343011	-0.008289976	0.001174029	-0.011514774	-0.004207900	-0.027631753	0.003343366	-0.008289690	0.001173784	-0.011515235	0.004207967	0.027631826	-0.030281890	0.027619830	0.010453725	-0.042262540	-0.032599153	-0.224688144	-0.030281358	0.027621393	0.010453782	-0.042261493	0.032600544	0.224689608		A2*: R21*d(-1)
1.172800105	-0.475245133	0.212076323	-0.112684422	0.014892528	-0.114362776	0.000004500	-0.000000188	-0.409490238	0.000004882	-0.000000261	-0.085717469	0.000001400	-0.000000057	-0.279292400	0.000000492	-0.008963287	0.337090830	-0.000007408	-0.023746007	-0.000000535	-0.000575203	-0.133976470	0.000012500	-0.000000243	-0.129653092	0.000000375	-0.000000707	-0.013222991	-0.121051886	0.000012099	-0.286523207	0.174550977	0.068479158	0.030892464	-0.001745625	-0.689007821	0.000010081	-0.000000836	-0.062852962	0.000002834	-0.000000229	-0.030033303	0.000000390	0.000000014	-0.049430485	0.000000184	0.001748272	-0.816126107	-0.000003485	-0.117516877	0.000000036	0.043791491	2.105007633	0.000003819	0.000001210	0.293598104	-0.000006519	0.000000449	0.020803086	-0.169972104	0.000000964	0.029248799	0.084180480	0.001049543	0.011804092	0.023151822	0.000380518	0.029246640	0.084183679	0.001048248	0.011799691	-0.023154319	-0.000380282	-0.149057603	0.092089155	0.056297102	-0.294056607	0.049537305	0.013632837	-0.149063958	0.092102398	0.056300022	-0.294052951	-0.049521257	-0.013634015		A2*: R21*d(2)
-0.000022550	0.000009247	-0.000003986	0.000001755	-0.000000230	0.000003729	0.152330772	0.003212295	0.000008257	0.066639741	0.001444431	0.000002189	0.032406829	0.000867099	0.000005257	-0.005332565	0.000000287	-0.000007335	-0.053178436	0.000000224	-0.003014872	0.000000518	0.000012643	0.518817567	-0.013009188	0.000002041	-0.030929138	-0.011339756	0.000000980	0.000015274	0.446908862	0.000005049	-0.000003034	-0.000001268	-0.000000432	0.000000019	0.000014816	0.273941355	-0.035426772	0.000002267	0.119751504	-0.006774501	0.000000605	0.011990319	-0.000682453	0.000001301	0.003022112	-0.000000011	-0.000003467	-1.026000217	0.000002728	-0.047131933	0.000000046	0.000003819	2.338622896	0.061343434	-0.000007603	-0.261713342	0.033413627	-0.000001202	-0.000003128	-0.233977892	-0.004611721	-0.072190201	0.026234378	0.097268793	-0.067684063	0.004770030	0.004608223	0.072186637	-0.026235345	-0.097270473	-0.067681163	0.004769904	0.289609374	-0.260771522	-0.083412625	-0.114546578	0.333404356	-0.034588712	-0.289596085	0.260777901	0.083410629	0.114561701	0.333403817	-0.034588102		A2*: R21*d(-2)
0.000000994	-0.000000642	0.000000194	-0.000000087	0.000000020	0.000000083	0.016979456	0.144034347	-0.000000202	0.012626362	0.115178593	-0.000000006	-0.001239213	0.001191637	-0.000000468	-0.200612148	0.000001959	0.000000434	-0.010707449	0.000000638	0.243291802	-0.000002224	0.000000326	0.013009109	-0.241763729	0.000001043	0.007547457	0.049756711	-0.000000764	0.000000503	0.004634262	0.000000131	-0.000000345	0.000000036	-0.000000015	-0.000000002	-0.000000217	0.060572734	-0.253904899	0.000000037	0.013504570	-0.060203619	0.000000032	-0.002773306	0.051261390	-0.000000313	0.031782577	-0.000000435	0.000000415	0.011661208	-0.000000128	0.149922834	-0.000001678	0.000001210	0.061343434	3.156182192	-0.000000087	-0.036677415	-0.157134816	0.000002893	-0.000000133	0.001488810	0.005478050	0.000176427	-0.001183304	-0.011961601	-0.004573421	-0.026923939	-0.005477917	-0.000176418	0.001183157	0.011962105	-0.004573716	-0.026923782	0.049982434	-0.019765427	-0.005753746	0.023032360	0.039388906	0.273192109	-0.049981870	0.019766996	0.005753777	-0.023031563	0.039389303	0.273192049		A2*: R22*f(0)
0.718236376	-0.410166407	0.160585207	-0.028060934	0.007203930	-0.061210528	0.000000631	-0.000000462	-0.172357038	0.000001588	-0.000000466	-0.016545377	0.000000068	0.000000028	-0.164581747	0.000000980	0.003325524	0.215487059	-0.000003834	0.128046202	-0.000000856	0.005036260	0.129653079	-0.000002053	0.000000982	0.242106601	-0.000004834	-0.000000420	0.001596129	0.270505606	-0.000007741	0.075822789	-0.064556989	0.023616130	-0.000666263	0.001169096	-0.744332594	0.000003050	0.000000292	-0.132396162	0.000000336	0.000000109	0.048981569	-0.000000144	0.000000020	-0.237340091	0.000000123	-0.011910678	0.246711155	-0.000004959	-0.087072213	0.000000040	0.012833433	0.293598104	-0.000007603	-0.000000087	3.422341209	-0.000001819	0.000000369	0.028650066	0.046775818	-0.000001550	0.036875017	0.043549808	-0.000632616	0.087979999	0.008661543	-0.005249342	0.036874304	0.043550536	-0.000633021	0.087978503	-0.008662953	0.005249382	-0.151767078	0.095520254	0.019029930	0.020419700	-0.048727067	0.043839554	-0.151759753	0.095522904	0.019029412	0.020422300	0.048725192	-0.043838220		A2*: R22*f(1)
-0.000006019	0.000003572	-0.000001287	0.000000350	-0.000000084	0.000000369	-0.030691381	0.003692028	0.000001469	-0.019343753	0.004390257	0.000000088	0.007118111	-0.000703982	0.000001376	-0.005245715	-0.000000147	-0.000002721	-0.025855325	-0.000001408	0.000827864	0.000000103	-0.000000765	0.030929122	0.007547498	-0.000004886	-0.247520334	0.003934227	0.000000670	-0.000002755	0.000403101	-0.000000738	0.000000979	-0.000000273	-0.000000006	0.000000003	0.000002776	-0.421938214	0.011649103	0.000000271	-0.095664339	0.002064891	-0.000000145	0.035460158	0.004808943	0.000002250	-0.005385674	0.000000127	-0.000002708	-0.048694031	0.000001136	0.016179569	-0.000000235	-0.000006519	-0.261713342	-0.036677415	-0.000001819	3.238633811	-0.025091175	0.000000238	-0.000002519	-0.089572690	-0.028924956	-0.000870719	0.006332808	0.063696590	0.012597057	-0.009665905	0.028924043	0.000870879	-0.006332408	-0.063698462	0.012598440	-0.009666276	-0.263936554	0.104183452	0.030319659	-0.120498035	-0.092044389	0.085110746	0.263935800	-0.104192748	-0.030319996	0.120495852	-0.092047594	0.085111644		A2*: R22*f(-1)
-0.000001548	0.000001155	-0.000000240	0.000000065	-0.000000011	-0.000000569	0.006536402	-0.213991008	0.000000319	0.006829642	-0.156146745	0.000000061	0.000385189	-0.003071007	0.000000771	0.253039542	-0.000003568	-0.000000817	-0.009433619	-0.000000637	-0.352288532	0.000006854	0.000000634	0.011339772	0.049756769	-0.000000307	0.003934185	-0.293742743	0.000014012	0.000000287	-0.009316580	0.000000106	0.000000679	0.000000200	0.000000121	0.000000010	0.000000197	0.042903738	0.214528997	-0.000000054	0.011279343	0.048051602	0.000000013	-0.004157089	-0.017117642	-0.000000233	-0.124919903	0.000000792	-0.000000361	0.001922681	0.000000366	-0.271876955	0.000002122	0.000000449	0.033413627	-0.157134816	0.000000369	-0.025091175	3.219934354	-0.000000137	0.000001326	-0.019070998	0.002741324	0.001634860	0.001190383	0.006519227	-0.003326500	-0.028619855	-0.002741270	-0.001635261	-0.001190506	-0.006518965	-0.003326056	-0.028621623	0.028009217	-0.015316891	-0.002967265	0.039393687	0.012076322	0.209344173	-0.028010909	0.015318250	0.002967551	-0.039393288	0.012078334	0.209355614		A2*: R22*f(2)
0.013230949	0.005048019	0.008119285	-0.000067918	0.000134570	-0.036339702	0.000000077	0.000003839	-0.011643360	-0.000000178	0.000002941	0.000369204	-0.000000158	0.000000111	0.001426522	-0.000005627	-0.071258520	0.000670991	0.000000537	-0.009268011	0.000008381	0.180533001	0.013222976	-0.000001092	-0.000000827	0.001596147	0.000000704	0.000013899	0.440478565	0.020562979	-0.000000962	0.012371790	0.027839621	0.009480553	0.004641350	0.000630611	-0.073620217	0.000000213	-0.000004032	-0.018899628	-0.000000021	-0.000000913	0.004173642	-0.000000006	0.000000396	-0.023627424	0.000002113	-0.007833449	0.010251999	-0.000000430	0.025854400	0.000004986	-0.010800656	0.020803086	-0.000001202	0.000002893	0.028650066	0.000000238	-0.000000137	3.232802463	0.081659787	-0.000001520	0.002273008	-0.003084663	-0.001032369	0.010171358	-0.005715918	0.038295957	0.002273181	-0.003084584	-0.001032497	0.010172258	0.005715874	-0.038294686	-0.059369398	0.022818210	0.007115999	-0.001184251	-0.037763271	-0.328245943	-0.059367854	0.022819354	0.007115860	-0.001182832	0.037762877	0.328239480		A2*: R22*f(-2)
-0.786300455	0.583275582	-0.120856585	0.035550508	-0.007884608	-0.307917998	-0.000002902	-0.000000264	0.098429858	-0.000006109	0.000000143	0.025224698	-0.000001140	0.000000156	0.126642878	-0.000000740	-0.001727086	-0.329447978	0.000016284	-0.008517759	0.000000426	-0.008808622	0.121051770	-0.000015004	0.000000666	0.270505657	-0.000002596	0.000000397	0.020563091	0.308534039	-0.000014168	0.034218901	0.379705896	0.070839210	0.049895702	0.005228322	0.176814761	0.000006313	0.000000026	-0.030530115	0.000001732	0.000000029	-0.019124944	-0.000000214	0.000000047	0.046490623	-0.000000414	-0.009649223	-0.214166553	0.000002520	0.365943104	-0.000000094	0.036976874	-0.169972104	-0.000003128	-0.000000133	0.046775818	-0.000002519	0.000001326	0.081659787	4.032256866	-0.000013119	-0.023385891	-0.089040637	-0.010148830	-0.005209290	-0.103352556	0.004320532	-0.023382993	-0.089039937	-0.010148285	-0.005199229	0.103352076	-0.004320694	-0.436199332	0.119611808	0.050972647	-0.038837768	-0.065561393	0.036066387	-0.436197964	0.119623798	0.050972724	-0.038824023	0.065571080	-0.036066065		A2*: R22*f(3)
0.000022737	-0.000016841	0.000003681	-0.000001170	0.000000258	0.000006787	-0.203124327	-0.004445874	-0.000004615	-0.173952516	-0.001276236	-0.000000736	-0.015899446	0.000922069	-0.000004092	-0.002282420	0.000000286	0.000015594	0.338859146	-0.000000271	0.001243685	-0.000000275	-0.000011762	-0.446909072	0.004634221	-0.000007867	0.000403271	-0.009316597	-0.000000961	-0.000014157	-0.194976739	-0.000000624	-0.000009645	-0.000001922	-0.000001278	-0.000000145	-0.000003194	0.269476232	-0.000278147	0.000000901	0.044014078	0.001196335	0.000000423	-0.015631931	-0.000403011	-0.000001406	-0.007197633	0.000000320	0.000004898	-0.058962916	-0.000009486	-0.007340505	-0.000001018	0.000000964	-0.233977892	0.001488810	-0.000001550	-0.089572690	-0.019070998	-0.000001520	-0.000013119	3.533606604	0.008580598	-0.016270643	-0.020937881	-0.152623968	-0.005393365	-0.002321345	-0.008579759	0.016275054	0.020938079	0.152623541	-0.005401757	-0.002320879	0.046536141	0.026955080	-0.008073781	-0.262028177	0.170768962	0.006929229	-0.046514575	-0.026959483	0.008071208	0.262032869	0.170761388	0.006930888		A2*: R22*f(-3)
0.319043751	-0.148177491	0.031584830	0.036583108	-0.069653874	-0.294159384	-0.414773160	0.031617203	-0.064997411	-0.043895858	0.003347483	-0.047635367	-0.089915647	0.006860297	0.024207201	-0.006806199	0.001801734	-0.018545502	0.089526771	-0.141891260	-0.022078303	-0.030280802	-0.149054176	0.289600394	-0.049981649	0.151764029	0.263933080	-0.028008615	0.059368482	0.436195312	-0.046537291	0.135847862	-0.121784660	0.009721080	0.007321578	-0.004337874	-0.285139450	0.061818581	-0.004714140	-0.082345023	-0.040599783	0.003093489	0.002858377	0.006508202	-0.000496833	0.054393623	-0.000805849	0.014755150	0.098330872	0.010578874	0.008306833	0.000352056	0.003343011	0.029248799	-0.004611721	0.005478050	0.036875017	-0.028924956	0.002741324	0.002273008	-0.023385891	0.008580598	2.022913534	-0.663227704	-0.167751890	0.031115939	0.029291365	-0.002227175	0.089503647	0.075630078	-0.006787716	-0.023929821	-0.053701808	0.004094266	-0.009367894	0.032630444	0.001301823	0.009070933	-0.017336752	0.001322773	0.068971071	0.030505381	0.000104526	-0.053918334	0.008248644	-0.000629856		A3*: R23*s(0)
0.406188210	-0.256704824	0.144738191	-0.106376384	0.044308360	0.003483735	0.029213989	-0.002218532	0.093542027	0.193217064	-0.014730983	0.079108604	0.142099537	-0.010835426	-0.083996885	0.001200525	-0.006486207	0.061021770	-0.015848084	0.154789044	0.019884755	0.027620931	0.092094026	-0.260781732	0.019766961	-0.095525226	-0.104191972	0.015317682	-0.022820016	-0.119626400	-0.026953510	0.111299842	-0.121576402	0.113701954	-0.002418827	-0.000255547	-0.104334368	-0.018856375	0.001436742	0.044768953	0.023564957	-0.001796963	0.000756281	-0.022596578	0.001723960	-0.060133891	0.001991158	-0.007636418	0.004589499	-0.026145529	-0.111030963	0.005501020	-0.008289976	0.084180480	-0.072190201	0.000176427	0.043549808	-0.000870719	0.001634860	-0.003084663	-0.089040637	-0.016270643	-0.663227704	0.758716787	0.236640867	0.081203619	0.186121308	-0.014186671	0.075627422	-0.003776311	0.000778136	0.157940689	0.024321534	-0.001854631	0.032630249	-0.004206849	0.012787088	0.064550509	0.004413297	-0.000335027	0.030505545	-0.039706219	-0.001674298	-0.010193047	-0.011368120	0.000864844		A3*: R24*s(0)
0.119351654	-0.054659628	0.034863144	-0.349995898	-0.356657845	-0.000634155	0.005114170	-0.000388988	0.046014852	0.040207356	-0.003072500	0.228400722	0.360888764	-0.027515723	-0.035913027	-0.003015491	-0.006209449	-0.018567563	0.039451818	0.046113107	0.006367649	0.010453647	0.056297193	-0.083412695	0.005753745	-0.019029970	-0.030319669	0.002967259	-0.007115940	-0.050972395	0.008073823	0.021793337	0.015862509	-0.011173589	-0.060495834	-0.022298694	0.007061095	-0.003595357	0.000269838	-0.012399687	0.027932567	-0.002131759	0.087684892	-0.039119393	0.002983909	-0.003675562	0.000353189	0.000292730	0.010200697	-0.004614508	0.008238381	-0.002000585	0.001174029	0.001049543	0.026234378	-0.001183304	-0.000632616	0.006332808	0.001190383	-0.001032369	-0.010148830	-0.020937881	-0.167751890	0.236640867	0.046582016	-0.011824093	-0.015873039	0.001205784	-0.006787866	0.000777871	-0.063539432	-0.012438523	-0.004135748	0.000314621	0.001301842	0.012787356	-0.016810940	-0.005724279	-0.004105019	0.000311939	0.000104431	-0.001674311	-0.028227396	-0.002521011	-0.008936827	0.000680024		A3: R25*s(0)
0.181545363	0.122090142	0.059371306	-0.011729641	0.007993252	0.134079092	0.127376712	-0.009716475	0.148549826	0.054342055	-0.004143574	-0.013845264	0.030492286	-0.002332818	-0.071893819	-0.019971282	-0.002935296	0.086295264	0.261841651	0.148457720	-0.008721211	0.042262409	0.294056709	0.114546306	0.023032084	0.020419716	-0.120497920	0.039393367	-0.001184471	-0.038837838	-0.262028252	0.386336685	-0.194142035	0.090387944	-0.002442673	0.003385729	-0.005688405	-0.085401316	0.006510365	0.025853875	0.042923539	-0.003274635	0.002345988	-0.000605951	0.000045390	-0.086168462	-0.008827052	-0.012444684	-0.013092303	0.115802621	-0.093542238	-0.007414286	-0.011514774	0.011804092	0.097268793	-0.011961601	0.087979999	0.063696590	0.006519227	0.010171358	-0.005209290	-0.152623968	0.031115939	0.081203619	-0.011824093	2.535162295	0.270266158	-0.020599139	-0.023933871	0.157939269	-0.012438310	0.114971805	0.002191393	-0.000170540	-0.009068191	-0.064550636	0.005722986	0.002541910	0.019526613	-0.001488297	0.053917818	0.010193096	0.002520815	0.107583676	0.003512696	-0.000269619		A3*: R26*p(0)
0.270937730	0.081734221	0.162002614	-0.029377820	0.013118973	0.180516754	0.266347163	-0.028352430	0.150132565	0.320769532	-0.025367011	0.027879127	0.020703025	-0.003794448	-0.157402100	-0.005836878	-0.024683056	-0.104483281	0.096565889	0.141302682	0.034620548	0.032599019	-0.049537518	-0.333404286	0.039388924	-0.048727132	-0.092044303	0.012076359	-0.037762941	-0.065561158	0.170769182	0.003187914	0.074279140	-0.012812668	0.000057758	-0.000719756	-0.005637215	0.044852743	-0.004467934	-0.020127236	-0.007460300	-0.001635438	0.004496626	-0.027435470	0.002427392	-0.017633384	0.006506583	-0.009445327	-0.012731587	-0.105773161	-0.028754796	0.004769791	-0.004207900	0.023151822	-0.067684063	-0.004573421	0.008661543	0.012597057	-0.003326500	-0.005715918	-0.103352556	-0.005393365	0.029291365	0.186121308	-0.015873039	0.270266158	2.676095784	-0.040664828	0.053703037	-0.024322646	0.004136262	-0.002194364	-0.050926319	0.000897183	0.017337799	-0.004413382	0.004101256	0.019526531	-0.012346403	0.003179234	0.008247898	-0.011368184	-0.008936380	-0.003515901	-0.080826020	0.001810339		A3*: R26*p(1)
-0.020646865	-0.006223384	-0.012343739	0.002230535	-0.000998809	-0.013764135	-0.028358358	-0.103574055	-0.011439105	-0.025353963	-0.010055659	-0.002116296	-0.003767188	-0.028633989	0.004712013	0.020649915	0.056662530	0.003760772	-0.005801140	-0.040920694	0.118027197	0.224688096	-0.013632725	0.034588650	0.273192219	0.043839460	0.085110546	0.209344160	-0.328246352	0.036066221	0.006929260	-0.000243759	-0.005658934	0.000976769	-0.000005395	0.000054984	0.000427949	-0.004460193	-0.013328172	0.001535343	-0.001628589	-0.028755012	-0.000341396	0.002426832	0.004241409	0.011828279	-0.020882942	-0.078252373	0.007023509	0.006507632	0.005901489	-0.005483687	-0.027631753	0.000380518	0.004770030	-0.026923939	-0.005249342	-0.009665905	-0.028619855	0.038295957	0.004320532	-0.002321345	-0.002227175	-0.014186671	0.001205784	-0.020599139	-0.040664828	2.145770141	-0.004094402	0.001854806	-0.000314597	0.000171051	0.000897200	-0.039193896	-0.001322591	0.000334768	-0.000312408	-0.001488127	0.003179284	0.029112397	-0.000629858	0.000864901	0.000680125	0.000269787	0.001810461	-0.057176690		A3*: R26*p(-1)
0.319031036	-0.148169656	0.031580638	0.036586114	-0.069655222	-0.294152018	0.414779129	-0.031617814	-0.064998901	0.043902513	-0.003348002	-0.047636029	0.089920671	-0.006860850	0.024209815	0.006806225	0.001801612	-0.018550860	-0.089527239	-0.141895546	0.022078676	-0.030282726	-0.149067202	-0.289603021	0.049983165	0.151762001	-0.263938642	0.028011851	0.059369338	0.436201284	0.046512858	0.135844143	-0.121780959	0.009717887	0.007321799	-0.004337898	-0.285137224	-0.061814124	0.004713831	-0.082345364	0.040601604	-0.003093649	0.002858369	-0.006509204	0.000496816	0.054395245	0.000806244	0.014755485	0.098330321	-0.010584305	0.008310245	-0.000351788	0.003343366	0.029246640	0.004608223	-0.005477917	0.036874304	0.028924043	-0.002741270	0.002273181	-0.023382993	-0.008579759	0.089503647	0.075627422	-0.006787866	-0.023933871	0.053703037	-0.004094402	2.022954062	-0.663189622	-0.167759254	0.031113048	-0.029286012	0.002226806	0.068968592	0.030509021	0.000104482	-0.053917778	-0.008248290	0.000629820	-0.009368167	0.032630113	0.001301835	0.009068572	0.017337291	-0.001322563		A4*: R27*s(0)
0.406197401	-0.256709104	0.144739027	-0.106375204	0.044306211	0.003474105	-0.029201020	0.002217601	0.093536463	-0.193217317	0.014731129	0.079104630	-0.142098102	0.010835471	-0.083995793	-0.001200104	-0.006486199	0.061021825	0.015843064	0.154784489	-0.019883995	0.027620880	0.092099048	0.260769408	-0.019765975	-0.095518848	0.104185650	-0.015317812	-0.022818203	-0.119611993	0.026960991	0.111303386	-0.121579758	0.113702033	-0.002418559	-0.000255678	-0.104342674	0.018855941	-0.001436680	0.044765780	-0.023564565	0.001796926	0.000756875	0.022596222	-0.001723875	-0.060131823	-0.001991097	-0.007635871	0.004593350	0.026144925	-0.111030303	-0.005500790	-0.008289690	0.084183679	0.072186637	-0.000176418	0.043550536	0.000870879	-0.001635261	-0.003084584	-0.089039937	0.016275054	0.075630078	-0.003776311	0.000777871	0.157939269	-0.024322646	0.001854806	-0.663189622	0.758676547	0.236635825	0.081200994	-0.186122962	0.014186962	0.030508537	-0.039703886	-0.001674286	-0.010194518	0.011367846	-0.000864827	0.032630168	-0.004206847	0.012787367	0.064550899	-0.004414587	0.000334844		A4*: R28*s(0)
0.119351492	-0.054659798	0.034863088	-0.349995687	-0.356657523	-0.000633801	-0.005114753	0.000389046	0.046014087	-0.040208128	0.003072604	0.228394118	-0.360892732	0.027516274	-0.035912903	0.003015494	-0.006209517	-0.018568807	-0.039451416	0.046113179	-0.006367537	0.010454018	0.056300014	0.083410603	-0.005753861	-0.019029408	0.030319981	-0.002967608	-0.007116037	-0.050973082	-0.008071066	0.021792803	0.015861924	-0.011173456	-0.060496038	-0.022298758	0.007062049	0.003594152	-0.000269703	-0.012399834	-0.027932505	0.002131762	0.087685593	0.039117903	-0.002983787	-0.003675356	-0.000353108	0.000292691	0.010201097	0.004613967	0.008237722	0.002000697	0.001173784	0.001048248	-0.026235345	0.001183157	-0.000633021	-0.006332408	-0.001190506	-0.001032497	-0.010148285	0.020938079	-0.006787716	0.000778136	-0.063539432	-0.012438310	0.004136262	-0.000314597	-0.167759254	0.236635825	0.046581881	-0.011823642	0.015873050	-0.001205913	0.000104570	-0.001674332	-0.028227341	-0.002520604	0.008936955	-0.000679921	0.001301839	0.012787084	-0.016810842	-0.005723625	0.004101031	-0.000312264		A4: R29*s(0)
0.181539539	0.122088535	0.059368192	-0.011729101	0.007993012	0.134073920	-0.127374519	0.009716600	0.148546203	-0.054338825	0.004143508	-0.013846296	-0.030491561	0.002332881	-0.071891146	0.019971566	-0.002935515	0.086288022	-0.261842962	0.148455116	0.008722481	0.042262206	0.294053372	-0.114562616	-0.023032026	0.020422540	0.120495446	-0.039394066	-0.001182588	-0.038823094	0.262032746	0.386336830	-0.194143679	0.090388384	-0.002442431	0.003385694	-0.005685775	0.085401573	-0.006510528	0.025854174	-0.042924699	0.003274673	0.002346232	0.000604681	-0.000045140	-0.086168799	0.008827273	-0.012445132	-0.013096670	-0.115804473	-0.093542070	0.007414450	-0.011515235	0.011799691	-0.097270473	0.011962105	0.087978503	-0.063698462	-0.006518965	0.010172258	-0.005199229	0.152623541	-0.023929821	0.157940689	-0.012438523	0.114971805	-0.002194364	0.000171051	0.031113048	0.081200994	-0.011823642	2.535151803	-0.270263869	0.020599231	0.053918027	0.010194891	0.002520664	0.107583513	-0.003515863	0.000269822	-0.009070933	-0.064550734	0.005724038	0.002541722	-0.019526980	0.001488109		A4*: R30*p(0)
-0.270939094	-0.081737636	-0.162003319	0.029378053	-0.013119125	-0.180514159	0.266353067	-0.028353100	-0.150129305	0.320773143	-0.025367497	-0.027878629	0.020703854	-0.003794629	0.157402872	-0.005837107	0.024683450	0.104485236	0.096566660	-0.141305575	0.034620553	-0.032601191	0.049520308	-0.333404225	0.039389690	0.048724818	-0.092047216	0.012078436	0.037763573	0.065571047	0.170760856	-0.003193387	-0.074276100	0.012811319	-0.000059242	0.000719927	0.005638484	0.044851302	-0.004467827	0.020126566	-0.007459658	-0.001635488	-0.004498603	-0.027433182	0.002427107	0.017634784	0.006506600	0.009445450	0.012727904	-0.105771608	0.028756508	0.004769622	0.004207967	-0.023154319	-0.067681163	-0.004573716	-0.008662953	0.012598440	-0.003326056	0.005715874	0.103352076	-0.005401757	-0.053701808	0.024321534	-0.004135748	0.002191393	-0.050926319	0.000897200	-0.029286012	-0.186122962	0.015873050	-0.270263869	2.676104844	-0.040665917	-0.008249190	0.011367509	0.008936370	0.003512487	-0.080826039	0.001810340	-0.017336452	0.004414402	-0.004104892	-0.019526906	-0.012345800	0.003179317		A4*: R30*p(1)
0.020647143	0.006223715	0.012343889	-0.002230542	0.000998818	0.013764163	-0.028359013	-0.103573842	0.011439035	-0.025354305	-0.010055481	0.002116297	-0.003767344	-0.028633876	-0.004712022	0.020649111	-0.056663096	-0.003760848	-0.005801340	0.040921597	0.118023238	-0.224689995	0.013634344	0.034588605	0.273191610	-0.043838733	0.085112840	0.209355669	0.328238489	-0.036066660	0.006930974	0.000244237	0.005658675	-0.000976637	0.000004716	-0.000054880	-0.000427948	-0.004460193	-0.013328408	-0.001535298	-0.001628640	-0.028755117	0.000340738	0.002427864	0.004241503	-0.011828595	-0.020881357	0.078252800	-0.007023359	0.006507696	-0.005901705	-0.005483057	0.027631826	-0.000380282	0.004769904	-0.026923782	0.005249382	-0.009666276	-0.028621623	-0.038294686	-0.004320694	-0.002320879	0.004094266	-0.001854631	0.000314621	-0.000170540	0.000897183	-0.039193896	0.002226806	0.014186962	-0.001205913	0.020599231	-0.040665917	2.145769618	0.000629940	-0.000864863	-0.000680081	-0.000269485	0.001810452	-0.057176604	0.001322743	-0.000335180	0.000310941	0.001488299	0.003179074	0.029112542		A4*: R30*p(-1)
0.135843371	-0.121781203	0.009717353	0.007321785	-0.004337910	0.285135681	-0.061819360	0.004714239	0.082346835	0.040600222	-0.003093545	-0.002858545	-0.006509220	0.000496818	0.054395554	-0.000805902	0.014755527	0.098331053	0.010579766	0.008310832	0.000351876	0.003343402	0.029246220	-0.004609321	-0.005478027	-0.036873256	0.028924881	-0.002741245	-0.002273103	0.023382440	-0.008581039	0.319031491	-0.148166074	0.031580536	0.036586493	-0.069655392	0.294159453	0.414773558	-0.031617218	0.064999242	0.043900696	-0.003347840	0.047637887	0.089920381	-0.006860787	0.024210364	-0.006806178	0.001801876	-0.018548040	0.089527348	-0.141896325	-0.022079012	-0.030281890	-0.149057603	0.289609374	0.049982434	-0.151767078	-0.263936554	0.028009217	-0.059369398	-0.436199332	0.046536141	-0.009367894	0.032630249	0.001301842	-0.009068191	0.017337799	-0.001322591	0.068968592	0.030508537	0.000104570	0.053918027	-0.008249190	0.000629940	2.022959441	-0.663185139	-0.167760126	-0.031113000	-0.029284610	0.002226677	0.089503044	0.075627563	-0.006787871	0.023935645	0.053702798	-0.004094352		A5*: R31*s(0)
0.111303460	-0.121581752	0.113702041	-0.002418529	-0.000255700	0.104343998	0.018853970	-0.001436560	-0.044765832	-0.023563709	0.001796845	-0.000756396	0.022596172	-0.001723868	-0.060131848	0.001991048	-0.007635866	0.004592868	-0.026144869	-0.111030201	0.005500993	-0.008289870	0.084180869	-0.072189658	-0.000176628	-0.043550638	0.000871806	-0.001634968	0.003084730	0.089041134	0.016270341	0.406201283	-0.256706859	0.144739359	-0.106375171	0.044305923	-0.003473455	-0.029199534	0.002217484	-0.093539541	-0.193215228	0.014730882	-0.079106974	-0.142096386	0.010835272	-0.083996174	0.001200276	-0.006486234	0.061021080	-0.015844901	0.154783463	0.019884038	0.027619830	0.092089155	-0.260771522	-0.019765427	0.095520254	0.104183452	-0.015316891	0.022818210	0.119611808	0.026955080	0.032630444	-0.004206849	0.012787356	-0.064550636	-0.004413382	0.000334768	0.030509021	-0.039703886	-0.001674332	0.010194891	0.011367509	-0.000864863	-0.663185139	0.758671743	0.236635257	-0.081204136	-0.186121387	0.014186723	0.075630524	-0.003775873	0.000777839	-0.157939172	-0.024319952	0.001854609		A5*: R32*s(0)
0.021792895	0.015861692	-0.011173510	-0.060495883	-0.022298619	-0.007061941	0.003594162	-0.000269691	0.012399504	-0.027932678	0.002131787	-0.087684779	0.039119447	-0.002983894	-0.003675395	0.000353122	0.000292673	0.010200732	-0.004614418	0.008237732	-0.002000698	0.001173862	0.001049346	0.026235366	0.001183101	0.000632771	-0.006332361	-0.001190490	0.001032555	0.010149451	0.020937532	0.119351905	-0.054658751	0.034862964	-0.349995673	-0.356657557	0.000633643	-0.005114917	0.000389062	-0.046014849	-0.040207379	0.003072524	-0.228400559	-0.360888627	0.027515815	-0.035912890	-0.003015528	-0.006209377	-0.018567423	0.039452028	0.046113280	0.006367631	0.010453725	0.056297102	-0.083412625	-0.005753746	0.019029930	0.030319659	-0.002967265	0.007115999	0.050972647	-0.008073781	0.001301823	0.012787088	-0.016810940	0.005722986	0.004101256	-0.000312408	0.000104482	-0.001674286	-0.028227341	0.002520664	0.008936370	-0.000680081	-0.167760126	0.236635257	0.046581891	0.011823925	0.015872806	-0.001205802	-0.006787774	0.000778195	-0.063539339	0.012438287	0.004136013	-0.000314592		A5: R33*s(0)
-0.386334561	0.194145132	-0.090387775	0.002442274	-0.003385671	-0.005688315	-0.085401312	0.006510438	0.025853960	0.042923538	-0.003274627	0.002346408	-0.000605070	0.000045464	0.086168397	0.008827055	0.012444733	0.013092473	-0.115802629	0.093542144	0.007414194	0.011514914	-0.011803845	-0.097268946	-0.011961812	0.087979697	0.063696736	0.006519140	0.010171335	-0.005209266	-0.152623886	-0.181543171	-0.122092464	-0.059371402	0.011729630	-0.007993247	0.134079310	0.127377147	-0.009716738	0.148549627	0.054341680	-0.004143667	-0.013845264	0.030492121	-0.002332721	0.071893670	0.019971376	0.002935235	-0.086295125	-0.261841602	-0.148457713	0.008721243	-0.042262540	-0.294056607	-0.114546578	0.023032360	0.020419700	-0.120498035	0.039393687	-0.001184251	-0.038837768	-0.262028177	0.009070933	0.064550509	-0.005724279	0.002541910	0.019526531	-0.001488127	-0.053917778	-0.010194518	-0.002520604	0.107583513	0.003512487	-0.000269485	-0.031113000	-0.081204136	0.011823925	2.535161433	0.270266177	-0.020599242	0.023929226	-0.157940251	0.012438461	0.114971910	0.002191487	-0.000170842		A5*: R34*p(0)
-0.003188406	-0.074278762	0.012812722	-0.000058643	0.000719947	-0.005637094	0.044852761	-0.004467831	-0.020127100	-0.007459970	-0.001635365	0.004497271	-0.027432872	0.002426823	0.017633387	-0.006506473	0.009445436	0.012731516	0.105773107	0.028754768	-0.004769765	0.004207975	-0.023151396	0.067683997	-0.004573538	0.008661695	0.012597107	-0.003326464	-0.005715989	-0.103352657	-0.005393631	-0.270935412	-0.081737174	-0.162002684	0.029377948	-0.013118972	0.180517266	0.266348213	-0.028352580	0.150131976	0.320769057	-0.025367029	0.027879215	0.020702751	-0.003794678	0.157401998	0.005836909	0.024683018	0.104483208	-0.096565741	-0.141302825	-0.034620645	-0.032599153	0.049537305	0.333404356	0.039388906	-0.048727067	-0.092044389	0.012076322	-0.037763271	-0.065561393	0.170768962	-0.017336752	0.004413297	-0.004105019	0.019526613	-0.012346403	0.003179284	-0.008248290	0.011367846	0.008936955	-0.003515863	-0.080826039	0.001810452	-0.029284610	-0.186121387	0.015872806	0.270266177	2.676095179	-0.040664923	-0.053702286	0.024324107	-0.004135883	-0.002194617	-0.050926470	0.000897199		A5*: R34*p(1)
0.000243864	0.005658928	-0.000976714	0.000005287	-0.000054969	0.000427915	-0.004460275	-0.013328120	0.001535396	-0.001628622	-0.028755076	-0.000341472	0.002427285	0.004241289	-0.011828356	0.020882979	0.078252310	-0.007023509	-0.006507623	-0.005901518	0.005483753	0.027631791	-0.000380453	-0.004769937	-0.026923884	-0.005249381	-0.009665896	-0.028619898	0.038295968	0.004320494	-0.002321374	0.020646801	0.006223660	0.012343843	-0.002230531	0.000998819	-0.013764284	-0.028358508	-0.103574080	-0.011439120	-0.025353887	-0.010055359	-0.002116223	-0.003767228	-0.028634012	-0.004712012	-0.020649910	-0.056662619	-0.003760716	0.005801167	0.040920847	-0.118027174	-0.224688144	0.013632837	-0.034588712	0.273192109	0.043839554	0.085110746	0.209344173	-0.328245943	0.036066387	0.006929229	0.001322773	-0.000335027	0.000311939	-0.001488297	0.003179234	0.029112397	0.000629820	-0.000864827	-0.000679921	0.000269822	0.001810340	-0.057176604	0.002226677	0.014186723	-0.001205802	-0.020599242	-0.040664923	2.145769469	0.004094267	-0.001854842	0.000314643	0.000170802	0.000897191	-0.039193793		A5*: R34*p(-1)
0.135845474	-0.121786044	0.009721044	0.007321574	-0.004337869	0.285139986	0.061813470	-0.004713762	0.082344868	-0.040600878	0.003093573	-0.002858247	0.006508374	-0.000496928	0.054393530	0.000806240	0.014755031	0.098330154	-0.010584028	0.008306767	-0.000351934	0.003342984	0.029248699	0.004610095	0.005477834	-0.036875834	-0.028924042	0.002741321	-0.002273107	0.023385814	0.008579285	0.319043581	-0.148173516	0.031584343	0.036583273	-0.069653943	0.294152537	-0.414778702	0.031617455	0.064996323	-0.043897018	0.003347556	0.047634021	-0.089916727	0.006860263	0.024207449	0.006806159	0.001801519	-0.018548606	-0.089527010	-0.141891270	0.022077831	-0.030281358	-0.149063958	-0.289596085	-0.049981870	-0.151759753	0.263935800	-0.028010909	-0.059367854	-0.436197964	-0.046514575	0.068971071	0.030505545	0.000104431	0.053917818	0.008247898	-0.000629858	-0.009368167	0.032630168	0.001301839	-0.009070933	-0.017336452	0.001322743	0.089503044	0.075630524	-0.006787774	0.023929226	-0.053702286	0.004094267	2.022917057	-0.663224217	-0.167752369	-0.031115260	0.029291008	-0.002227125		A6*: R35*s(0)
0.111298403	-0.121577445	0.113701972	-0.002418892	-0.000255549	0.104335133	-0.018857955	0.001436897	-0.044767837	0.023565387	-0.001796982	-0.000756725	-0.022596565	0.001723964	-0.060133528	-0.001991131	-0.007636222	0.004590705	0.026145712	-0.111030767	-0.005500744	-0.008289714	0.084183190	0.072187039	0.000176333	-0.043549746	-0.000870049	0.001635246	0.003084615	0.089039601	-0.016275346	0.406190719	-0.256701301	0.144738209	-0.106376100	0.044308179	-0.003482565	0.029213275	-0.002218471	-0.093538434	0.193218664	-0.014731017	-0.079106126	0.142100510	-0.010835427	-0.083996501	-0.001200363	-0.006486065	0.061022208	0.015845633	0.154788781	-0.019884351	0.027621393	0.092102398	0.260777901	0.019766996	0.095522904	-0.104192748	0.015318250	0.022819354	0.119623798	-0.026959483	0.030505381	-0.039706219	-0.001674311	0.010193096	-0.011368184	0.000864901	0.032630113	-0.004206847	0.012787084	-0.064550734	0.004414402	-0.000335180	0.075627563	-0.003775873	0.000778195	-0.157940251	0.024324107	-0.001854842	-0.663224217	0.758713064	0.236640244	-0.081200708	0.186122888	-0.014186696		A6*: R36*s(0)
0.021793653	0.015862089	-0.011173597	-0.060496060	-0.022298841	-0.007061134	-0.003595059	0.000269884	0.012399945	0.027932407	-0.002131749	-0.087685657	-0.039117855	0.002983798	-0.003675559	-0.000353226	0.000292864	0.010200819	0.004614135	0.008238452	0.002000537	0.001174019	0.001048312	-0.026234648	-0.001183381	0.000632821	0.006332661	0.001190355	0.001032091	0.010147547	-0.020938423	0.119351912	-0.054658580	0.034863254	-0.349995697	-0.356657558	0.000634114	0.005114381	-0.000388974	-0.046014021	0.040208072	-0.003072529	-0.228394430	0.360892573	-0.027515854	-0.035913013	0.003015433	-0.006209585	-0.018568873	-0.039451238	0.046112925	-0.006367464	0.010453782	0.056300022	0.083410629	0.005753777	0.019029412	-0.030319996	0.002967551	0.007115860	0.050972724	0.008071208	0.000104526	-0.001674298	-0.028227396	0.002520815	-0.008936380	0.000680125	0.001301835	0.012787367	-0.016810842	0.005724038	-0.004104892	0.000310941	-0.006787871	0.000777839	-0.063539339	0.012438461	-0.004135883	0.000314643	-0.167752369	0.236640244	0.046581864	0.011823706	-0.015873248	0.001205771		A6: R37*s(0)
-0.386336113	0.194147280	-0.090388508	0.002442481	-0.003385703	-0.005685663	0.085401415	-0.006510277	0.025854447	-0.042924688	0.003274749	0.002346406	0.000605098	-0.000045340	0.086169195	-0.008827164	0.012445101	0.013096596	0.115804634	0.093542172	-0.007414311	0.011515106	-0.011799812	0.097269894	0.011961977	0.087978811	-0.063698664	-0.006518824	0.010171955	-0.005199608	0.152623492	-0.181539026	-0.122090045	-0.059368831	0.011729128	-0.007993030	0.134074747	-0.127374719	0.009716270	0.148545993	-0.054338785	0.004143283	-0.013846266	-0.030491726	0.002332754	0.071891918	-0.019971289	0.002935540	-0.086288023	0.261842744	-0.148454793	-0.008722350	-0.042261493	-0.294052951	0.114561701	-0.023031563	0.020422300	0.120495852	-0.039393288	-0.001182832	-0.038824023	0.262032869	-0.053918334	-0.010193047	-0.002521011	0.107583676	-0.003515901	0.000269787	0.009068572	0.064550899	-0.005723625	0.002541722	-0.019526906	0.001488299	0.023935645	-0.157939172	0.012438287	0.114971910	-0.002194617	0.000170802	-0.031115260	-0.081200708	0.011823706	2.535153060	-0.270263980	0.020598832		A6*: R38*p(0)
0.003192953	0.074276581	-0.012811501	0.000057256	-0.000719637	0.005638512	0.044851039	-0.004467754	0.020126737	-0.007460093	-0.001635435	-0.004496466	-0.027435307	0.002427352	-0.017634728	-0.006506575	-0.009445171	-0.012728102	0.105771827	-0.028756137	-0.004769630	-0.004207882	0.023154370	0.067681299	-0.004573704	-0.008662831	0.012598442	-0.003326039	0.005715877	0.103352197	-0.005401655	0.270937942	0.081740012	0.162003571	-0.029377904	0.013119078	-0.180514318	0.266353489	-0.028352695	-0.150129073	0.320772295	-0.025367033	-0.027878732	0.020704010	-0.003794524	-0.157403141	0.005837002	-0.024683157	-0.104485211	-0.096567268	0.141305323	-0.034620025	0.032600544	-0.049521257	0.333403817	0.039389303	0.048725192	-0.092047594	0.012078334	0.037762877	0.065571080	0.170761388	0.008248644	-0.011368120	-0.008936827	0.003512696	-0.080826020	0.001810461	0.017337291	-0.004414587	0.004101031	-0.019526980	-0.012345800	0.003179074	0.053702798	-0.024319952	0.004136013	0.002191487	-0.050926470	0.000897191	0.029291008	0.186122888	-0.015873248	-0.270263980	2.676105407	-0.040665290		A6*: R38*p(1)
-0.000244161	-0.005658788	0.000976659	-0.000005386	0.000054975	-0.000428151	-0.004460054	-0.013328502	-0.001535344	-0.001628568	-0.028755149	0.000341462	0.002426960	0.004241438	0.011828402	0.020881298	-0.078252991	0.007023208	-0.006507608	0.005901505	0.005482914	-0.027631733	0.000380278	-0.004769826	-0.026923764	0.005249232	-0.009666147	-0.028621833	-0.038294408	-0.004320514	-0.002320875	-0.020646807	-0.006223803	-0.012343766	0.002230519	-0.000998812	0.013763826	-0.028358666	-0.103573749	0.011438741	-0.025353995	-0.010055283	0.002116218	-0.003767223	-0.028633985	0.004712060	-0.020649039	0.056662720	0.003760884	0.005801261	-0.040920817	-0.118023445	0.224689608	-0.013634015	-0.034588102	0.273192049	-0.043838220	0.085111644	0.209355614	0.328239480	-0.036066065	0.006930888	-0.000629856	0.000864844	0.000680024	-0.000269619	0.001810339	-0.057176690	-0.001322563	0.000334844	-0.000312264	0.001488109	0.003179317	0.029112542	-0.004094352	0.001854609	-0.000314592	-0.000170842	0.000897199	-0.039193793	-0.002227125	-0.014186696	0.001205771	0.020598832	-0.040665290	2.145770388		A6*: R38*p(-1)