LHOs in NAO basis
24	24
A1*: R1*s(0)	A1: R2*s(0)	A1: R3*s(0)	A1*: R4*p(0)	A1*: R4*p(1)	A1*: R4*p(-1)	A1: R5*p(0)	A1: R5*p(1)	A1: R5*p(-1)	A1*: R6*d(0)	A1*: R6*d(1)	A1*: R6*d(-1)	A1*: R6*d(2)	A1*: R6*d(-2)	A2*: R7*s(0)	A2: R8*s(0)	A2*: R9*p(0)	A2*: R9*p(1)	A2*: R9*p(-1)	A3*: R10*s(0)	A3: R11*s(0)	A3*: R12*p(0)	A3*: R12*p(1)	A3*: R12*p(-1)	

0.916240900	-0.005443338	0.000368950	-0.022925265	-0.000000000	0.196095930	0.003937182	0.000000000	0.038291500	0.277317230	0.059762205	0.000000000	0.198835506	0.000000000	0.000000000	0.000000000	0.000000000	0.000000000	0.000000000	0.000000000	0.000000000	0.000000000	0.000000000	0.000000000		O1:LHO1
-0.016589933	0.705399807	-0.154740580	0.000003169	0.000000000	-0.012713178	0.000076518	-0.000000000	0.691113952	-0.019578066	-0.000003825	0.000000000	0.002794992	-0.000000000	0.000000000	0.000000000	0.000000000	0.000000000	0.000000000	0.000000000	0.000000000	0.000000000	0.000000000	0.000000000		O1:LHO2
-0.002616166	0.109673991	0.987953033	0.000000449	-0.000000000	-0.002467352	0.000010847	0.000000000	0.109074313	-0.002973616	-0.000000542	-0.000000000	-0.001200094	-0.000000000	0.000000000	0.000000000	0.000000000	0.000000000	0.000000000	0.000000000	0.000000000	0.000000000	0.000000000	0.000000000		O1:LHO3
-0.001995661	-0.003777428	0.000315896	0.669140707	0.497537549	0.008855659	-0.035003065	-0.001298450	0.001822251	-0.050838541	-0.145798106	-0.492394704	0.192577039	-0.000000000	0.000000000	0.000000000	0.000000000	0.000000000	0.000000000	0.000000000	0.000000000	0.000000000	0.000000000	0.000000000		O1:LHO4
-0.006082670	-0.001558579	0.000032457	-0.719256448	0.486455193	-0.072310806	0.032143993	-0.001356049	-0.000815805	-0.027397183	0.047088645	-0.484936549	0.039950997	-0.000000000	0.000000000	0.000000000	0.000000000	0.000000000	0.000000000	0.000000000	0.000000000	0.000000000	0.000000000	0.000000000		O1:LHO5
-0.217698260	0.012450209	0.000350254	-0.050655905	0.015511127	0.966978521	0.001154569	-0.001196823	0.002457974	0.080191997	-0.018872350	-0.062256741	-0.062662834	-0.000000000	0.000000000	0.000000000	0.000000000	0.000000000	0.000000000	0.000000000	0.000000000	0.000000000	0.000000000	0.000000000		O1:LHO6
-0.016242754	-0.494940794	-0.000835665	0.029225173	-0.000000000	0.001371983	0.705621328	-0.000000000	0.504231922	-0.013533884	-0.035275882	0.000000000	-0.018282472	0.000000000	0.000000000	0.000000000	0.000000000	0.000000000	0.000000000	0.000000000	0.000000000	0.000000000	0.000000000	0.000000000		O1:LHO7
-0.000000000	0.000000000	-0.000000000	0.000000000	-0.021776009	-0.000000000	0.000000000	0.999459215	0.000000000	-0.000000000	0.000000000	-0.024639034	0.000000000	-0.000000000	0.000000000	0.000000000	0.000000000	0.000000000	0.000000000	0.000000000	0.000000000	0.000000000	0.000000000	0.000000000		O1:LHO8
-0.016244592	-0.494862573	-0.000837258	-0.029225175	-0.000000000	0.001370567	-0.705621385	-0.000000000	0.504308504	-0.013536051	0.035275885	0.000000000	-0.018282186	-0.000000000	0.000000000	0.000000000	0.000000000	0.000000000	0.000000000	0.000000000	0.000000000	0.000000000	0.000000000	0.000000000		O1:LHO9
-0.321882159	-0.010989441	0.000818729	-0.059865105	-0.053051202	-0.094386180	-0.002482659	0.000129887	0.019891769	0.718483058	-0.099257197	0.052155462	0.593103258	0.000000000	0.000000000	0.000000000	0.000000000	0.000000000	0.000000000	0.000000000	0.000000000	0.000000000	0.000000000	0.000000000		O1:LHO10
-0.090083931	0.002783470	-0.000237519	0.151659248	0.074685542	-0.025954334	0.040966091	-0.000176245	0.001074540	0.215169208	0.945088063	-0.073156370	-0.126903507	-0.000000000	0.000000000	0.000000000	0.000000000	0.000000000	0.000000000	0.000000000	0.000000000	0.000000000	0.000000000	0.000000000		O1:LHO11
-0.007303945	0.000412659	0.000011620	-0.003561305	0.705196987	0.032046014	0.000090390	0.032805497	0.000085745	0.002889923	-0.001142388	0.707470123	-0.002052523	0.000000000	0.000000000	0.000000000	0.000000000	0.000000000	0.000000000	0.000000000	0.000000000	0.000000000	0.000000000	0.000000000		O1:LHO12
-0.021971102	-0.014048128	0.001292993	-0.059363500	-0.096993769	0.102033582	0.015405188	0.000266024	-0.003780148	-0.591647409	0.258967885	0.096514211	0.741146332	0.000000000	0.000000000	0.000000000	0.000000000	0.000000000	0.000000000	0.000000000	0.000000000	0.000000000	0.000000000	0.000000000		O1:LHO13
-0.000000000	0.000000000	-0.000000000	0.000000000	-0.000000000	0.000000000	-0.000000000	0.000000000	0.000000000	-0.000000000	0.000000000	-0.000000000	-0.000000000	1.000000000	0.000000000	0.000000000	0.000000000	0.000000000	0.000000000	0.000000000	0.000000000	0.000000000	0.000000000	0.000000000		O1:LHO14
0.000000000	0.000000000	0.000000000	0.000000000	0.000000000	0.000000000	0.000000000	0.000000000	0.000000000	0.000000000	0.000000000	0.000000000	0.000000000	0.000000000	0.846392026	0.002681357	0.215566228	0.000000000	-0.486974896	0.000000000	0.000000000	0.000000000	0.000000000	0.000000000		H2:LHO15
0.000000000	0.000000000	0.000000000	0.000000000	0.000000000	0.000000000	0.000000000	0.000000000	0.000000000	0.000000000	0.000000000	0.000000000	0.000000000	0.000000000	-0.000610568	0.997698077	0.060254926	0.000000000	0.031104954	0.000000000	0.000000000	0.000000000	0.000000000	0.000000000		H2:LHO16
0.000000000	0.000000000	0.000000000	0.000000000	0.000000000	0.000000000	0.000000000	0.000000000	0.000000000	0.000000000	0.000000000	0.000000000	0.000000000	0.000000000	0.039372170	-0.067733050	0.884635418	0.000000000	0.459654483	0.000000000	0.000000000	0.000000000	0.000000000	0.000000000		H2:LHO17
0.000000000	0.000000000	0.000000000	0.000000000	0.000000000	0.000000000	0.000000000	0.000000000	0.000000000	0.000000000	0.000000000	0.000000000	0.000000000	0.000000000	-0.000000000	-0.000000000	-0.000000000	1.000000000	0.000000000	0.000000000	0.000000000	0.000000000	0.000000000	0.000000000		H2:LHO18
0.000000000	0.000000000	0.000000000	0.000000000	0.000000000	0.000000000	0.000000000	0.000000000	0.000000000	0.000000000	0.000000000	0.000000000	0.000000000	0.000000000	0.531102624	0.001895078	-0.409048559	0.000000000	0.742028091	0.000000000	0.000000000	0.000000000	0.000000000	0.000000000		H2:LHO19
0.000000000	0.000000000	0.000000000	0.000000000	0.000000000	0.000000000	0.000000000	0.000000000	0.000000000	0.000000000	0.000000000	0.000000000	0.000000000	0.000000000	0.000000000	0.000000000	0.000000000	0.000000000	0.000000000	0.890138994	0.002000485	-0.189686845	-0.000000000	-0.414327732		H3:LHO20
0.000000000	0.000000000	0.000000000	0.000000000	0.000000000	0.000000000	0.000000000	0.000000000	0.000000000	0.000000000	0.000000000	0.000000000	0.000000000	0.000000000	0.000000000	0.000000000	0.000000000	0.000000000	0.000000000	-0.000605844	0.997698087	-0.060256329	-0.000000000	0.031102016		H3:LHO21
0.000000000	0.000000000	0.000000000	0.000000000	0.000000000	0.000000000	0.000000000	0.000000000	0.000000000	0.000000000	0.000000000	0.000000000	0.000000000	0.000000000	0.000000000	0.000000000	0.000000000	0.000000000	0.000000000	0.148270887	0.063208084	0.978444457	0.000000000	-0.129100453		H3:LHO22
0.000000000	0.000000000	0.000000000	0.000000000	0.000000000	0.000000000	0.000000000	0.000000000	0.000000000	0.000000000	0.000000000	0.000000000	0.000000000	0.000000000	0.000000000	0.000000000	0.000000000	0.000000000	0.000000000	-0.000000000	-0.000000000	-0.000000000	1.000000000	-0.000000000		H3:LHO23
0.000000000	0.000000000	0.000000000	0.000000000	0.000000000	0.000000000	0.000000000	0.000000000	0.000000000	0.000000000	0.000000000	0.000000000	0.000000000	0.000000000	0.000000000	0.000000000	0.000000000	0.000000000	0.000000000	0.430892037	-0.024479865	0.055086478	0.000000000	0.900387843		H3:LHO24