[Molden Format]
[Title]
CLPOs

[Atoms] AU
O    1   8          0.0000000000         0.0000000000         0.1182968560 
H    2   1         -1.4966630981         0.0000000000        -0.9397608064 
H    3   1          1.4966630981         0.0000000000        -0.9397608064 
[GTO]
  1 0 
s   5 1.0  
     2266.1767785000        -0.0053893504 
      340.8701019100        -0.0402347214 
       77.3631351670        -0.1800818421 
       21.4796449400        -0.4682885766 
        6.6589433124        -0.4469261716 
s   1 1.0  
        0.8097597567         1.0000000000 
s   1 1.0  
        0.2553077223         0.9999999999 
p   3 1.0  
       17.7215043170         0.0626302488 
        3.8635505440         0.3333113849 
        1.0480920883         0.7414863830 
p   1 1.0  
        0.2764154441         1.0000000002 
d   1 1.0  
        1.2000000000         1.0000000000 

  2 0 
s   3 1.0  
       13.0107010000         0.0334854848 
        1.9622572000         0.2347218709 
        0.4445379600         0.8137702852 
s   1 1.0  
        0.1219496200         0.9999999999 
p   1 1.0  
        0.8000000000         1.0000000000 

  3 0 
s   3 1.0  
       13.0107010000         0.0334854848 
        1.9622572000         0.2347218709 
        0.4445379600         0.8137702852 
s   1 1.0  
        0.1219496200         0.9999999999 
p   1 1.0  
        0.8000000000         1.0000000000 

[MO]
 Sym=     1a
 Ene= -2.02788729746571E+01
Spin= Alpha
 Occup= 1.999945
  1     -0.975575624948
  2      0.049485435473
  3      0.015636764126
  4      0.000008619007
  5      0.000000000000
  6      0.063509849373
  7      0.000005479805
  8      0.000000000000
  9      0.049109393138
  10     0.000595992465
  11     0.002413092825
  12    -0.003009085290
  13     0.000000000000
  14    -0.000000580385
  15     0.000000000000
  16    -0.019758033112
  17    -0.004392056971
  18     0.000091151954
  19    -0.000000000000
  20    -0.000012651007
  21    -0.019762163261
  22    -0.004392287477
  23    -0.000090967902
  24    -0.000000000000
  25    -0.000012688322
 Sym=     1a
 Ene= -9.45649446391852E-01
Spin= Alpha
 Occup= 1.997086
  1      0.320267764239
  2      0.465065186186
  3      0.395173350428
  4      0.000060800719
  5     -0.000000000001
  6      0.416894198155
  7      0.000038655972
  8     -0.000000000001
  9      0.330744877693
  10     0.012972561060
  11     0.007222797923
  12    -0.020195358983
  13     0.000000000000
  14    -0.000004094184
  15     0.000000000000
  16    -0.078258905298
  17    -0.010930066727
  18     0.001036566062
  19     0.000000000000
  20    -0.000913885769
  21    -0.078288040444
  22    -0.010931692776
  23    -0.001035267716
  24     0.000000000000
  25    -0.000914148999
 Sym=     1a
 Ene= -9.42576124415853E-01
Spin= Alpha
 Occup= 1.998951
  1     -0.082937447863
  2     -0.254064405580
  3     -0.049486302412
  4      0.350374978922
  5     -0.000000000000
  6      0.251431191213
  7      0.175131356230
  8      0.000000000000
  9      0.142578822356
  10     0.002383981854
  11     0.007170976083
  12    -0.009554957937
  13     0.000000000000
  14    -0.018333564541
  15     0.000000000000
  16    -0.409178901971
  17    -0.076032619268
  18    -0.046044844144
  19    -0.000000000000
  20    -0.026097769545
  21     0.039701490476
  22     0.004133503156
  23     0.008703893957
  24    -0.000000000000
  25     0.000554919092
 Sym=     1a
 Ene= -9.42522883822809E-01
Spin= Alpha
 Occup= 1.998951
  1     -0.082920570543
  2     -0.254021114963
  3     -0.049447630865
  4     -0.350375392934
  5     -0.000000000000
  6      0.251470932531
  7     -0.175131298165
  8     -0.000000000000
  9      0.142609366111
  10     0.002384823702
  11     0.007171708318
  12    -0.009556532020
  13     0.000000000000
  14     0.018333674704
  15     0.000000000000
  16     0.039693566686
  17     0.004133272902
  18    -0.008703853273
  19     0.000000000000
  20     0.000554838632
  21    -0.409184349737
  22    -0.076038047860
  23     0.046045601499
  24     0.000000000000
  25    -0.026096123445
 Sym=     1a
 Ene= -4.92144292244342E-01
Spin= Alpha
 Occup= 1.997641
  1      0.000000000001
  2      0.000000000001
  3      0.000000000001
  4      0.000000000000
  5      0.633107920240
  6      0.000000000001
  7     -0.000000000000
  8      0.518845255752
  9      0.000000000000
  10     0.000000000000
  11     0.000000000000
  12     0.000000000000
  13     0.000000000000
  14     0.000000000000
  15    -0.024818764853
  16    -0.000000000000
  17    -0.000000000000
  18     0.000000000000
  19    -0.000442695343
  20    -0.000000000000
  21    -0.000000000000
  22    -0.000000000000
  23    -0.000000000000
  24    -0.000442695343
  25    -0.000000000000
 Sym=     1a
 Ene= 7.28180721663887E-01
Spin= Alpha
 Occup= 0.000347
  1      0.141203855157
  2      0.450222745164
  3      0.361853097629
  4      0.504730925268
  5      0.000000000000
  6     -0.341605139626
  7      0.399890149815
  8     -0.000000000000
  9     -0.303456137273
  10     0.017649756315
  11    -0.026904085759
  12     0.009254329444
  13     0.000000000000
  14    -0.042710391935
  15     0.000000000000
  16     0.014077077784
  17    -0.007483459854
  18    -0.000294820349
  19     0.000000000000
  20     0.001455047185
  21    -1.250650761262
  22    -0.169478868647
  23     0.085409013367
  24     0.000000000000
  25    -0.047444035104
 Sym=     1a
 Ene= 7.28184247139417E-01
Spin= Alpha
 Occup= 0.000347
  1      0.141214103300
  2      0.450250161703
  3      0.361872454599
  4     -0.504731524350
  5      0.000000000000
  6     -0.341581668413
  7     -0.399889998051
  8      0.000000000000
  9     -0.303435915508
  10     0.017651103368
  11    -0.026903714627
  12     0.009252611259
  13     0.000000000000
  14     0.042710568756
  15     0.000000000000
  16    -1.250658759294
  17    -0.169472293615
  18    -0.085407536140
  19    -0.000000000000
  20    -0.047446957397
  21     0.014073146331
  22    -0.007485507813
  23     0.000294668303
  24    -0.000000000000
  25     0.001454987961
 Sym=     1a
 Ene= 7.95790712424212E-01
Spin= Alpha
 Occup= 0.001523
  1      0.009815796726
  2      0.193558618471
  3     -0.608816539457
  4      0.127682227260
  5      0.000000000000
  6     -0.074598350301
  7     -0.117614910211
  8      0.000000000000
  9      0.220355876576
  10     0.105411886994
  11    -0.013677917377
  12    -0.091733969617
  13     0.000000000000
  14    -0.034588571984
  15     0.000000000000
  16     0.072118913162
  17    -0.325775611069
  18     0.011719897390
  19    -0.000000000000
  20    -0.003952647360
  21    -0.744628743601
  22     1.607150717164
  23    -0.232897020599
  24    -0.000000000000
  25    -0.465018677724
 Sym=     1a
 Ene= 9.19377712993138E-01
Spin= Alpha
 Occup= 0.001509
  1      0.011426903057
  2      0.199304548597
  3     -0.579526257198
  4     -0.132875069963
  5     -0.000000000000
  6     -0.078248985102
  7      0.048319664566
  8     -0.000000000001
  9      0.245258616835
  10     0.121981581669
  11    -0.015094766125
  12    -0.106886815544
  13     0.000000000000
  14     0.040840216076
  15     0.000000000000
  16    -0.732582667928
  17     1.508305784752
  18     0.252118150046
  19     0.000000000001
  20    -0.556990379932
  21     0.106345705536
  22    -0.297615600602
  23    -0.015902085354
  24     0.000000000000
  25    -0.001965221876
 Sym=     1a
 Ene= 1.30712027147214E+00
Spin= Alpha
 Occup=-0.000000
  1     -0.020367941746
  2     -0.354053843878
  3      1.171461090156
  4     -0.040220391828
  5      0.013983403112
  6      0.872157064704
  7      0.101482158460
  8     -0.013743951090
  9     -1.462667728007
  10    -0.070668541180
  11    -0.025924273352
  12     0.096592814532
  13     0.000000000000
  14    -0.025496377814
  15    -0.063541877740
  16    -0.520862234109
  17    -0.205011345596
  18    -0.036071787304
  19    -0.004259897704
  20     0.026402591490
  21    -0.609401705831
  22    -0.239366904597
  23     0.042258107809
  24    -0.004259897704
  25     0.019662625579
 Sym=     1a
 Ene= 1.49752527153975E+00
Spin= Alpha
 Occup=-0.000000
  1      0.272069225588
  2      1.667407262175
  3     -2.590594179436
  4     -0.023183447939
  5     -0.000000000126
  6      0.213641401418
  7      0.003441696157
  8      0.000000000134
  9      0.297853031181
  10    -0.013536129578
  11    -0.264375440041
  12     0.277911569619
  13     0.000000000000
  14     0.071114613155
  15     0.000000000124
  16     0.435295081177
  17     0.416915863689
  18     0.015322836483
  19     0.000000000006
  20     0.013292544684
  21     0.478975641629
  22     0.412405597650
  23    -0.035310679881
  24     0.000000000006
  25     0.024751360736
 Sym=     1a
 Ene= 1.57717453191679E+00
Spin= Alpha
 Occup= 0.000658
  1     -0.006825523532
  2     -0.016458035784
  3     -0.156741442951
  4     -0.007056970572
  5     -0.000000000000
  6     -0.007659495609
  7      0.693682787882
  8     -0.000000000000
  9     -0.365048871595
  10    -0.151164936788
  11    -0.022822958208
  12     0.173987894996
  13     0.000000000000
  14    -0.014853769715
  15     0.000000000000
  16    -0.323844089992
  17     1.089109226652
  18    -0.412206649097
  19     0.000000000000
  20     0.907392222719
  21    -0.411914472479
  22    -0.319965677875
  23     0.055306457949
  24     0.000000000000
  25    -0.018290533839
 Sym=     1a
 Ene= 1.69245091311590E+00
Spin= Alpha
 Occup=-0.000000
  1     -0.004326064119
  2     -0.015061475000
  3      0.003105651043
  4     -0.594059133061
  5      0.462724952679
  6     -0.068240975510
  7      1.244961603065
  8     -0.490130720887
  9      0.083495369920
  10     0.052934175780
  11    -0.023160367404
  12    -0.029773808376
  13     0.000000000000
  14     0.019226668128
  15    -0.493037278258
  16     0.445308876191
  17     0.222875372252
  18    -0.009735129523
  19    -0.025963096973
  20     0.006485274338
  21    -0.425543728279
  22    -0.214021005532
  23    -0.007535816687
  24    -0.025963096973
  25    -0.022290058624
 Sym=     1a
 Ene= 1.80122559951377E+00
Spin= Alpha
 Occup=-0.000000
  1      0.002591444213
  2     -0.008660102733
  3      0.131835438714
  4      0.560104370464
  5      0.473325837996
  6     -0.001990497337
  7     -1.094776191975
  8     -0.501441363706
  9     -0.073123150344
  10     0.216665493635
  11    -0.161122841040
  12    -0.055542652595
  13     0.000000000000
  14    -0.141305257884
  15    -0.500601213952
  16    -0.440302365277
  17    -0.204319610678
  18     0.007578495438
  19    -0.026291310737
  20    -0.028648774992
  21     0.244815026711
  22     0.185653153953
  23     0.042515494706
  24    -0.026291310737
  25    -0.023543446884
 Sym=     1a
 Ene= 1.85325001029463E+00
Spin= Alpha
 Occup= 0.000552
  1     -0.037532869069
  2     -0.142335191836
  3     -0.651905536632
  4     -0.170419436534
  5     -0.000000000000
  6      0.125293741246
  7     -0.903739959118
  8     -0.000000000000
  9     -0.103698413718
  10    -0.237953466233
  11     0.085413052471
  12     0.152540413762
  13     0.000000000000
  14     0.166947556700
  15     0.000000000000
  16    -0.315075897196
  17    -0.308128881469
  18    -0.029311715689
  19     0.000000000000
  20    -0.028868622458
  21     0.187061556497
  22     1.160940821048
  23    -0.160335875895
  24     0.000000000000
  25     1.200547433459
 Sym=     1a
 Ene= 1.94640388028849E+00
Spin= Alpha
 Occup= 0.001180
  1     -0.000000000000
  2     -0.000000000000
  3     -0.000000000000
  4     -0.000000000000
  5     -0.011210886936
  6      0.000000000000
  7      0.000000000000
  8     -0.409196286059
  9      0.000000000000
  10     0.000000000000
  11     0.000000000000
  12     0.000000000000
  13    -0.183062487173
  14     0.000000000000
  15     0.145901652902
  16     0.000000000000
  17     0.000000000000
  18     0.000000000000
  19     0.052186310255
  20     0.000000000000
  21     0.000000000000
  22    -0.000000000000
  23    -0.000000000001
  24     1.129826570637
  25    -0.000000000000
 Sym=     1a
 Ene= 1.94640388028909E+00
Spin= Alpha
 Occup= 0.001180
  1     -0.000000000000
  2     -0.000000000000
  3      0.000000000001
  4      0.000000000000
  5     -0.011210886936
  6      0.000000000000
  7     -0.000000000000
  8     -0.409196286059
  9     -0.000000000000
  10     0.000000000000
  11     0.000000000000
  12     0.000000000000
  13     0.183062487174
  14     0.000000000000
  15     0.145901652902
  16     0.000000000001
  17    -0.000000000002
  18    -0.000000000000
  19     1.129826570637
  20     0.000000000001
  21    -0.000000000000
  22     0.000000000000
  23     0.000000000000
  24     0.052186310255
  25     0.000000000000
 Sym=     1a
 Ene= 2.16268352218013E+00
Spin= Alpha
 Occup=-0.000000
  1     -0.000700290271
  2     -0.011901497567
  3      0.039133289165
  4     -0.002841096270
  5      0.694037385160
  6      0.028903085218
  7      0.007019878761
  8     -0.767324044628
  9     -0.048564790679
  10    -0.002435936967
  11    -0.001008573539
  12     0.003444510506
  13     0.000000000000
  14    -0.001569338315
  15     0.726677675604
  16    -0.015815042622
  17    -0.006217112394
  18    -0.001136113664
  19     0.065810663330
  20     0.000995078642
  21    -0.021813590390
  22    -0.008602639012
  23     0.001509511885
  24     0.065810663330
  25     0.000560406094
 Sym=     1a
 Ene= 2.66619854993476E+00
Spin= Alpha
 Occup= 0.000111
  1      0.069978438561
  2      0.254190512736
  3      1.294175206906
  4      0.397983159864
  5     -0.000000000000
  6     -0.303458775208
  7      0.385013594931
  8     -0.000000000000
  9     -0.754064173336
  10     0.152291282586
  11    -0.261297600261
  12     0.109006317675
  13     0.000000000000
  14    -0.353798007654
  15     0.000000000000
  16    -0.335363076584
  17    -0.021076451571
  18    -0.076660178307
  19     0.000000000000
  20     0.022435047351
  21    -1.123173246117
  22    -0.311248844418
  23     1.513318469366
  24     0.000000000000
  25    -0.406088382668
 Sym=     1a
 Ene= 2.81868397373741E+00
Spin= Alpha
 Occup= 0.000018
  1     -0.078897886788
  2     -0.286955258060
  3     -1.452622194504
  4      0.431312161209
  5     -0.000000000000
  6      0.327366697878
  7      0.703764256943
  8     -0.000000000000
  9      0.659174452219
  10    -0.230642114284
  11     0.273879844349
  12    -0.043237730065
  13     0.000000000000
  14    -0.390323349546
  15     0.000000000000
  16     1.099736068666
  17     0.752629206988
  18     1.461712640329
  19     0.000000000000
  20     0.829978911285
  21     0.189629541078
  22    -0.102782675848
  23    -0.059679444006
  24     0.000000000000
  25    -0.031842525598
 Sym=     1a
 Ene= 3.11872759820289E+00
Spin= Alpha
 Occup= 0.000000
  1     -0.000000000000
  2     -0.000000000000
  3      0.000000000000
  4      0.000000000000
  5     -0.000000000000
  6      0.000000000000
  7     -0.000000000000
  8      0.000000000000
  9     -0.000000000000
  10     0.000000000000
  11     0.000000000000
  12     0.000000000000
  13     1.038502990167
  14     0.000000000000
  15     0.000000000000
  16    -0.000000000000
  17    -0.000000000000
  18    -0.000000000000
  19     0.091968432102
  20     0.000000000000
  21    -0.000000000000
  22    -0.000000000000
  23    -0.000000000000
  24    -0.091968432102
  25     0.000000000000
 Sym=     1a
 Ene= 3.12216901762780E+00
Spin= Alpha
 Occup=-0.000000
  1     -0.087995540159
  2     -0.623956022811
  3      1.386027388569
  4     -0.041920615595
  5     -0.050475290553
  6     -0.113284696524
  7      0.167798317013
  8      0.053481444292
  9     -0.358443027997
  10     0.220279690041
  11    -0.965700613143
  12     0.745420923102
  13     0.000000000000
  14    -0.123253165306
  15     0.053022878865
  16    -0.409658865579
  17    -0.148593155272
  18    -0.116721770225
  19     0.002777900203
  20    -0.004731123602
  21    -0.608652537072
  22    -0.201630466283
  23     0.149706392079
  24     0.002777900203
  25    -0.029043106995
 Sym=     1a
 Ene= 3.33107290105193E+00
Spin= Alpha
 Occup=-0.000000
  1      0.009227035508
  2     -0.049040319095
  3      0.559389456160
  4     -0.067632039089
  5     -0.092265135070
  6      0.045723823400
  7     -0.055913238251
  8      0.097733746602
  9     -0.351114990536
  10     1.047472681547
  11    -0.420982819709
  12    -0.626489861838
  13     0.000000000000
  14     0.310259892025
  15     0.098125528106
  16    -0.520640562092
  17    -0.050767246100
  18    -0.086848939412
  19     0.005163789541
  20    -0.157742714625
  21    -0.279745175943
  22    -0.045604478202
  23     0.000322278621
  24     0.005163789541
  25    -0.105932754623
 Sym=     1a
 Ene= 3.62558544443080E+00
Spin= Alpha
 Occup= 0.000000
  1     -0.028766428431
  2     -0.165200498522
  3      0.199724198420
  4      0.055616726380
  5      0.071063589645
  6     -0.017392207836
  7     -0.856546067956
  8     -0.075302035984
  9     -0.004976526866
  10    -0.233658791828
  11     0.006429807208
  12     0.227228984620
  13     0.000000000000
  14     1.151608130445
  15    -0.074371637330
  16    -0.676914964071
  17    -0.160742089279
  18    -0.164559560032
  19    -0.003891064187
  20    -0.074489206410
  21     0.677713312916
  22     0.085713124842
  23    -0.150415042597
  24    -0.003891064187
  25     0.134444878466
